new
poly brick	13.9381,14.1881	11.9448,12.0698	0.0,0.12
poly brick	14.9381,15.1881	11.9448,12.0698	0.0,0.12
poly brick	15.6881,15.9381	11.9448,12.0698	0.0,0.12
poly brick	16.1881,16.4381	11.9448,12.0698	0.0,0.12
poly brick	15.9381,16.1881	11.9448,12.0698	0.0,0.12
poly brick	15.1881,15.4381	11.9448,12.0698	0.0,0.12
poly brick	14.1881,14.4381	11.9448,12.0698	0.0,0.12
poly brick	16.4381,16.6881	11.9448,12.0698	0.0,0.12
poly brick	15.4381,15.6881	11.9448,12.0698	0.0,0.12
poly brick	14.0631,14.3131	13.9448,14.0698	0.0,0.12
poly brick	15.0631,15.3131	13.9448,14.0698	0.0,0.12
poly brick	15.8131,16.0631	13.9448,14.0698	0.0,0.12
poly brick	16.3131,16.5631	13.9448,14.0698	0.0,0.12
poly brick	16.0631,16.3131	13.9448,14.0698	0.0,0.12
poly brick	15.3131,15.5631	13.9448,14.0698	0.0,0.12
poly brick	16.5631,16.8131	13.9448,14.0698	0.0,0.12
poly brick	15.5631,15.8131	13.9448,14.0698	0.0,0.12
poly brick	16.6881,16.8131	11.9448,12.1948	0.0,0.12
poly brick	16.6881,16.8131	12.1948,12.4448	0.0,0.12
poly brick	16.6881,16.8131	12.4448,12.6948	0.0,0.12
poly brick	16.6881,16.8131	12.6948,12.9448	0.0,0.12
poly brick	16.6881,16.8131	12.9448,13.1948	0.0,0.12
poly brick	16.6881,16.8131	13.1948,13.4448	0.0,0.12
poly brick	16.6881,16.8131	13.4448,13.6948	0.0,0.12
poly brick	16.6881,16.8131	13.6948,13.9448	0.0,0.12
poly brick	16.6881,16.8131	12.0698,12.3198	0.12,0.24
poly brick	16.6881,16.8131	12.3198,12.5698	0.12,0.24
poly brick	16.6881,16.8131	12.5698,12.8198	0.12,0.24
poly brick	16.6881,16.8131	12.8198,13.0698	0.12,0.24
poly brick	16.6881,16.8131	13.0698,13.3198	0.12,0.24
poly brick	16.6881,16.8131	13.3198,13.5698	0.12,0.24
poly brick	16.6881,16.8131	13.5698,13.8198	0.12,0.24
poly brick	16.6881,16.8131	13.8198,14.0698	0.12,0.24
poly brick	14.0631,14.3131	11.9448,12.0698	0.12,0.24
poly brick	15.0631,15.3131	11.9448,12.0698	0.12,0.24
poly brick	15.8131,16.0631	11.9448,12.0698	0.12,0.24
poly brick	16.3131,16.5631	11.9448,12.0698	0.12,0.24
poly brick	16.0631,16.3131	11.9448,12.0698	0.12,0.24
poly brick	15.3131,15.5631	11.9448,12.0698	0.12,0.24
poly brick	16.5631,16.8131	11.9448,12.0698	0.12,0.24
poly brick	15.5631,15.8131	11.9448,12.0698	0.12,0.24
poly brick	13.9381,14.1881	13.9448,14.0698	0.12,0.24
poly brick	14.9381,15.1881	13.9448,14.0698	0.12,0.24
poly brick	15.6881,15.9381	13.9448,14.0698	0.12,0.24
poly brick	16.1881,16.4381	13.9448,14.0698	0.12,0.24
poly brick	15.9381,16.1881	13.9448,14.0698	0.12,0.24
poly brick	15.1881,15.4381	13.9448,14.0698	0.12,0.24
poly brick	16.4381,16.6881	13.9448,14.0698	0.12,0.24
poly brick	15.4381,15.6881	13.9448,14.0698	0.12,0.24
poly brick	13.8131,13.9381	12.6948,12.9448	0.0,0.12
poly brick	13.8131,13.9381	12.9448,13.1948	0.0,0.12
poly brick	13.8131,13.9381	13.1948,13.4448	0.0,0.12
poly brick	13.8131,13.9381	13.4448,13.6948	0.0,0.12
poly brick	13.8131,13.9381	13.6948,13.9448	0.0,0.12
poly brick	13.8131,13.9381	11.9448,12.1948	0.0,0.12
poly brick	13.8131,13.9381	12.1948,12.4448	0.0,0.12
poly brick	13.8131,13.9381	12.4448,12.6948	0.0,0.12
poly brick	13.5631,13.8131	11.9448,12.0698	0.0,0.12
poly brick	12.8131,13.0631	11.9448,12.0698	0.0,0.12
poly brick	12.0631,12.3131	11.9448,12.0698	0.0,0.12
poly brick	11.5631,11.8131	11.9448,12.0698	0.0,0.12
poly brick	12.5631,12.8131	11.9448,12.0698	0.0,0.12
poly brick	13.0631,13.3131	11.9448,12.0698	0.0,0.12
poly brick	12.3131,12.5631	11.9448,12.0698	0.0,0.12
poly brick	13.3131,13.5631	11.9448,12.0698	0.0,0.12
poly brick	11.3131,11.5631	11.9448,12.0698	0.0,0.12
poly brick	11.8131,12.0631	11.9448,12.0698	0.0,0.12
poly brick	12.9381,13.1881	11.9448,12.0698	0.12,0.24
poly brick	12.1881,12.4381	11.9448,12.0698	0.12,0.24
poly brick	11.6881,11.9381	11.9448,12.0698	0.12,0.24
poly brick	12.6881,12.9381	11.9448,12.0698	0.12,0.24
poly brick	13.1881,13.4381	11.9448,12.0698	0.12,0.24
poly brick	12.4381,12.6881	11.9448,12.0698	0.12,0.24
poly brick	13.4381,13.6881	11.9448,12.0698	0.12,0.24
poly brick	11.4381,11.6881	11.9448,12.0698	0.12,0.24
poly brick	11.9381,12.1881	11.9448,12.0698	0.12,0.24
poly brick	11.1881,11.4381	11.9448,12.0698	0.12,0.24
poly brick	13.6881,14.0631	11.9448,12.0698	0.12,0.24
poly brick	11.0631,11.1881	12.0698,12.3198	0.0,0.12
poly brick	11.0631,11.1881	11.9448,12.1948	0.12,0.24
poly brick	11.0631,11.3131	11.9448,12.0698	0.0,0.12
poly brick	12.6881,12.9381	13.9448,14.0698	0.0,0.12
poly brick	11.9381,12.1881	13.9448,14.0698	0.0,0.12
poly brick	11.4381,11.6881	13.9448,14.0698	0.0,0.12
poly brick	12.4381,12.6881	13.9448,14.0698	0.0,0.12
poly brick	12.9381,13.1881	13.9448,14.0698	0.0,0.12
poly brick	12.1881,12.4381	13.9448,14.0698	0.0,0.12
poly brick	13.1881,13.4381	13.9448,14.0698	0.0,0.12
poly brick	11.1881,11.4381	13.9448,14.0698	0.0,0.12
poly brick	11.6881,11.9381	13.9448,14.0698	0.0,0.12
poly brick	12.5631,12.8131	13.9448,14.0698	0.12,0.24
poly brick	11.8131,12.0631	13.9448,14.0698	0.12,0.24
poly brick	11.3131,11.5631	13.9448,14.0698	0.12,0.24
poly brick	12.3131,12.5631	13.9448,14.0698	0.12,0.24
poly brick	12.8131,13.0631	13.9448,14.0698	0.12,0.24
poly brick	12.0631,12.3131	13.9448,14.0698	0.12,0.24
poly brick	13.0631,13.3131	13.9448,14.0698	0.12,0.24
poly brick	11.5631,11.8131	13.9448,14.0698	0.12,0.24
poly brick	13.8131,13.9381	12.8198,13.0698	0.12,0.24
poly brick	13.8131,13.9381	13.0698,13.3198	0.12,0.24
poly brick	13.8131,13.9381	13.3198,13.5698	0.12,0.24
poly brick	13.8131,13.9381	13.5698,13.8198	0.12,0.24
poly brick	13.8131,13.9381	13.8198,14.0698	0.12,0.24
poly brick	13.8131,13.9381	12.0698,12.3198	0.12,0.24
poly brick	13.8131,13.9381	12.3198,12.5698	0.12,0.24
poly brick	13.8131,13.9381	12.5698,12.8198	0.12,0.24
poly brick	13.6881,14.0631	13.9448,14.0698	0.0,0.12
poly brick	13.4381,13.6881	13.9448,14.0698	0.0,0.12
poly brick	13.3131,13.5631	13.9448,14.0698	0.12,0.24
poly brick	13.5631,13.8131	13.9448,14.0698	0.12,0.24
poly brick	13.9381,14.1881	11.9448,12.0698	0.24,0.36
poly brick	14.9381,15.1881	11.9448,12.0698	0.24,0.36
poly brick	15.6881,15.9381	11.9448,12.0698	0.24,0.36
poly brick	16.1881,16.4381	11.9448,12.0698	0.24,0.36
poly brick	15.9381,16.1881	11.9448,12.0698	0.24,0.36
poly brick	15.1881,15.4381	11.9448,12.0698	0.24,0.36
poly brick	14.1881,14.4381	11.9448,12.0698	0.24,0.36
poly brick	16.4381,16.6881	11.9448,12.0698	0.24,0.36
poly brick	15.4381,15.6881	11.9448,12.0698	0.24,0.36
poly brick	14.0631,14.3131	13.9448,14.0698	0.24,0.36
poly brick	15.0631,15.3131	13.9448,14.0698	0.24,0.36
poly brick	15.8131,16.0631	13.9448,14.0698	0.24,0.36
poly brick	16.3131,16.5631	13.9448,14.0698	0.24,0.36
poly brick	16.0631,16.3131	13.9448,14.0698	0.24,0.36
poly brick	15.3131,15.5631	13.9448,14.0698	0.24,0.36
poly brick	16.5631,16.8131	13.9448,14.0698	0.24,0.36
poly brick	15.5631,15.8131	13.9448,14.0698	0.24,0.36
poly brick	16.6881,16.8131	11.9448,12.1948	0.24,0.36
poly brick	16.6881,16.8131	12.1948,12.4448	0.24,0.36
poly brick	16.6881,16.8131	12.4448,12.6948	0.24,0.36
poly brick	16.6881,16.8131	12.6948,12.9448	0.24,0.36
poly brick	16.6881,16.8131	12.9448,13.1948	0.24,0.36
poly brick	16.6881,16.8131	13.1948,13.4448	0.24,0.36
poly brick	16.6881,16.8131	13.4448,13.6948	0.24,0.36
poly brick	16.6881,16.8131	13.6948,13.9448	0.24,0.36
poly brick	16.6881,16.8131	12.0698,12.3198	0.36,0.48
poly brick	16.6881,16.8131	12.3198,12.5698	0.36,0.48
poly brick	16.6881,16.8131	12.5698,12.8198	0.36,0.48
poly brick	16.6881,16.8131	12.8198,13.0698	0.36,0.48
poly brick	16.6881,16.8131	13.0698,13.3198	0.36,0.48
poly brick	16.6881,16.8131	13.3198,13.5698	0.36,0.48
poly brick	16.6881,16.8131	13.5698,13.8198	0.36,0.48
poly brick	16.6881,16.8131	13.8198,14.0698	0.36,0.48
poly brick	14.0631,14.3131	11.9448,12.0698	0.36,0.48
poly brick	15.0631,15.3131	11.9448,12.0698	0.36,0.48
poly brick	15.8131,16.0631	11.9448,12.0698	0.36,0.48
poly brick	16.3131,16.5631	11.9448,12.0698	0.36,0.48
poly brick	16.0631,16.3131	11.9448,12.0698	0.36,0.48
poly brick	15.3131,15.5631	11.9448,12.0698	0.36,0.48
poly brick	16.5631,16.8131	11.9448,12.0698	0.36,0.48
poly brick	15.5631,15.8131	11.9448,12.0698	0.36,0.48
poly brick	13.9381,14.1881	13.9448,14.0698	0.36,0.48
poly brick	14.9381,15.1881	13.9448,14.0698	0.36,0.48
poly brick	15.6881,15.9381	13.9448,14.0698	0.36,0.48
poly brick	16.1881,16.4381	13.9448,14.0698	0.36,0.48
poly brick	15.9381,16.1881	13.9448,14.0698	0.36,0.48
poly brick	15.1881,15.4381	13.9448,14.0698	0.36,0.48
poly brick	16.4381,16.6881	13.9448,14.0698	0.36,0.48
poly brick	15.4381,15.6881	13.9448,14.0698	0.36,0.48
poly brick	13.8131,13.9381	12.6948,12.9448	0.24,0.36
poly brick	13.8131,13.9381	12.9448,13.1948	0.24,0.36
poly brick	13.8131,13.9381	13.1948,13.4448	0.24,0.36
poly brick	13.8131,13.9381	13.4448,13.6948	0.24,0.36
poly brick	13.8131,13.9381	13.6948,13.9448	0.24,0.36
poly brick	13.8131,13.9381	11.9448,12.1948	0.24,0.36
poly brick	13.8131,13.9381	12.1948,12.4448	0.24,0.36
poly brick	13.8131,13.9381	12.4448,12.6948	0.24,0.36
poly brick	13.5631,13.8131	11.9448,12.0698	0.24,0.36
poly brick	12.8131,13.0631	11.9448,12.0698	0.24,0.36
poly brick	12.0631,12.3131	11.9448,12.0698	0.24,0.36
poly brick	11.5631,11.8131	11.9448,12.0698	0.24,0.36
poly brick	12.5631,12.8131	11.9448,12.0698	0.24,0.36
poly brick	13.0631,13.3131	11.9448,12.0698	0.24,0.36
poly brick	12.3131,12.5631	11.9448,12.0698	0.24,0.36
poly brick	13.3131,13.5631	11.9448,12.0698	0.24,0.36
poly brick	11.3131,11.5631	11.9448,12.0698	0.24,0.36
poly brick	11.8131,12.0631	11.9448,12.0698	0.24,0.36
poly brick	12.9381,13.1881	11.9448,12.0698	0.36,0.48
poly brick	12.1881,12.4381	11.9448,12.0698	0.36,0.48
poly brick	11.6881,11.9381	11.9448,12.0698	0.36,0.48
poly brick	12.6881,12.9381	11.9448,12.0698	0.36,0.48
poly brick	13.1881,13.4381	11.9448,12.0698	0.36,0.48
poly brick	12.4381,12.6881	11.9448,12.0698	0.36,0.48
poly brick	13.4381,13.6881	11.9448,12.0698	0.36,0.48
poly brick	11.4381,11.6881	11.9448,12.0698	0.36,0.48
poly brick	11.9381,12.1881	11.9448,12.0698	0.36,0.48
poly brick	11.1881,11.4381	11.9448,12.0698	0.36,0.48
poly brick	13.6881,14.0631	11.9448,12.0698	0.36,0.48
poly brick	11.0631,11.1881	12.0698,12.3198	0.24,0.36
poly brick	11.0631,11.1881	11.9448,12.1948	0.36,0.48
poly brick	11.0631,11.3131	11.9448,12.0698	0.24,0.36
poly brick	12.6881,12.9381	13.9448,14.0698	0.24,0.36
poly brick	11.9381,12.1881	13.9448,14.0698	0.24,0.36
poly brick	11.4381,11.6881	13.9448,14.0698	0.24,0.36
poly brick	12.4381,12.6881	13.9448,14.0698	0.24,0.36
poly brick	12.9381,13.1881	13.9448,14.0698	0.24,0.36
poly brick	12.1881,12.4381	13.9448,14.0698	0.24,0.36
poly brick	13.1881,13.4381	13.9448,14.0698	0.24,0.36
poly brick	11.1881,11.4381	13.9448,14.0698	0.24,0.36
poly brick	11.6881,11.9381	13.9448,14.0698	0.24,0.36
poly brick	12.5631,12.8131	13.9448,14.0698	0.36,0.48
poly brick	11.8131,12.0631	13.9448,14.0698	0.36,0.48
poly brick	11.3131,11.5631	13.9448,14.0698	0.36,0.48
poly brick	12.3131,12.5631	13.9448,14.0698	0.36,0.48
poly brick	12.8131,13.0631	13.9448,14.0698	0.36,0.48
poly brick	12.0631,12.3131	13.9448,14.0698	0.36,0.48
poly brick	13.0631,13.3131	13.9448,14.0698	0.36,0.48
poly brick	11.0631,11.3131	13.9448,14.0698	0.36,0.48
poly brick	11.5631,11.8131	13.9448,14.0698	0.36,0.48
poly brick	13.8131,13.9381	12.8198,13.0698	0.36,0.48
poly brick	13.8131,13.9381	13.0698,13.3198	0.36,0.48
poly brick	13.8131,13.9381	13.3198,13.5698	0.36,0.48
poly brick	13.8131,13.9381	13.5698,13.8198	0.36,0.48
poly brick	13.8131,13.9381	13.8198,14.0698	0.36,0.48
poly brick	13.8131,13.9381	12.0698,12.3198	0.36,0.48
poly brick	13.8131,13.9381	12.3198,12.5698	0.36,0.48
poly brick	13.8131,13.9381	12.5698,12.8198	0.36,0.48
poly brick	13.6881,14.0631	13.9448,14.0698	0.24,0.36
poly brick	13.4381,13.6881	13.9448,14.0698	0.24,0.36
poly brick	13.3131,13.5631	13.9448,14.0698	0.36,0.48
poly brick	13.5631,13.8131	13.9448,14.0698	0.36,0.48
poly brick	13.9381,14.1881	11.9448,12.0698	0.48,0.6
poly brick	14.9381,15.1881	11.9448,12.0698	0.48,0.6
poly brick	15.1881,15.4381	11.9448,12.0698	0.48,0.6
poly brick	14.1881,14.4381	11.9448,12.0698	0.48,0.6
poly brick	16.4381,16.6881	11.9448,12.0698	0.48,0.6
poly brick	15.4381,15.6881	11.9448,12.0698	0.48,0.6
poly brick	14.0631,14.3131	13.9448,14.0698	0.48,0.6
poly brick	15.0631,15.3131	13.9448,14.0698	0.48,0.6
poly brick	16.3131,16.5631	13.9448,14.0698	0.48,0.6
poly brick	15.3131,15.5631	13.9448,14.0698	0.48,0.6
poly brick	16.5631,16.8131	13.9448,14.0698	0.48,0.6
poly brick	15.5631,15.8131	13.9448,14.0698	0.48,0.6
poly brick	16.6881,16.8131	11.9448,12.1948	0.48,0.6
poly brick	16.6881,16.8131	12.1948,12.4448	0.48,0.6
poly brick	16.6881,16.8131	12.4448,12.6948	0.48,0.6
poly brick	16.6881,16.8131	12.6948,12.9448	0.48,0.6
poly brick	16.6881,16.8131	12.9448,13.1948	0.48,0.6
poly brick	16.6881,16.8131	13.1948,13.4448	0.48,0.6
poly brick	16.6881,16.8131	13.4448,13.6948	0.48,0.6
poly brick	16.6881,16.8131	13.6948,13.9448	0.48,0.6
poly brick	16.6881,16.8131	12.0698,12.3198	0.6,0.72
poly brick	16.6881,16.8131	12.3198,12.5698	0.6,0.72
poly brick	16.6881,16.8131	12.5698,12.8198	0.6,0.72
poly brick	16.6881,16.8131	12.8198,13.0698	0.6,0.72
poly brick	16.6881,16.8131	13.0698,13.3198	0.6,0.72
poly brick	16.6881,16.8131	13.3198,13.5698	0.6,0.72
poly brick	16.6881,16.8131	13.5698,13.8198	0.6,0.72
poly brick	16.6881,16.8131	13.8198,14.0698	0.6,0.72
poly brick	14.0631,14.3131	11.9448,12.0698	0.6,0.72
poly brick	15.0631,15.3131	11.9448,12.0698	0.6,0.72
poly brick	16.3131,16.5631	11.9448,12.0698	0.6,0.72
poly brick	15.3131,15.5631	11.9448,12.0698	0.6,0.72
poly brick	16.5631,16.8131	11.9448,12.0698	0.6,0.72
poly brick	13.9381,14.1881	13.9448,14.0698	0.6,0.72
poly brick	14.9381,15.1881	13.9448,14.0698	0.6,0.72
poly brick	15.1881,15.4381	13.9448,14.0698	0.6,0.72
poly brick	14.1881,14.4381	13.9448,14.0698	0.6,0.72
poly brick	16.4381,16.6881	13.9448,14.0698	0.6,0.72
poly brick	15.4381,15.6881	13.9448,14.0698	0.6,0.72
poly brick	13.8131,13.9381	12.6948,12.9448	0.48,0.6
poly brick	13.8131,13.9381	12.9448,13.1948	0.48,0.6
poly brick	13.8131,13.9381	13.1948,13.4448	0.48,0.6
poly brick	13.8131,13.9381	13.4448,13.6948	0.48,0.6
poly brick	13.8131,13.9381	13.6948,13.9448	0.48,0.6
poly brick	13.8131,13.9381	11.9448,12.1948	0.48,0.6
poly brick	13.8131,13.9381	12.1948,12.4448	0.48,0.6
poly brick	13.8131,13.9381	12.4448,12.6948	0.48,0.6
poly brick	13.5631,13.8131	11.9448,12.0698	0.48,0.6
poly brick	12.0631,12.3131	11.9448,12.0698	0.48,0.6
poly brick	11.5631,11.8131	11.9448,12.0698	0.48,0.6
poly brick	12.5631,12.8131	11.9448,12.0698	0.48,0.6
poly brick	12.3131,12.5631	11.9448,12.0698	0.48,0.6
poly brick	13.3131,13.5631	11.9448,12.0698	0.48,0.6
poly brick	11.3131,11.5631	11.9448,12.0698	0.48,0.6
poly brick	11.8131,12.0631	11.9448,12.0698	0.48,0.6
poly brick	12.1881,12.4381	11.9448,12.0698	0.6,0.72
poly brick	11.6881,11.9381	11.9448,12.0698	0.6,0.72
poly brick	12.4381,12.6881	11.9448,12.0698	0.6,0.72
poly brick	13.4381,13.6881	11.9448,12.0698	0.6,0.72
poly brick	11.4381,11.6881	11.9448,12.0698	0.6,0.72
poly brick	11.9381,12.1881	11.9448,12.0698	0.6,0.72
poly brick	11.1881,11.4381	11.9448,12.0698	0.6,0.72
poly brick	13.6881,14.0631	11.9448,12.0698	0.6,0.72
poly brick	11.0631,11.1881	12.0698,12.3198	0.48,0.6
poly brick	11.0631,11.1881	11.9448,12.1948	0.6,0.72
poly brick	11.0631,11.3131	11.9448,12.0698	0.48,0.6
poly brick	11.9381,12.1881	13.9448,14.0698	0.48,0.6
poly brick	11.4381,11.6881	13.9448,14.0698	0.48,0.6
poly brick	12.1881,12.4381	13.9448,14.0698	0.48,0.6
poly brick	11.1881,11.4381	13.9448,14.0698	0.48,0.6
poly brick	11.6881,11.9381	13.9448,14.0698	0.48,0.6
poly brick	12.5631,12.8131	13.9448,14.0698	0.6,0.72
poly brick	11.8131,12.0631	13.9448,14.0698	0.6,0.72
poly brick	11.3131,11.5631	13.9448,14.0698	0.6,0.72
poly brick	12.3131,12.5631	13.9448,14.0698	0.6,0.72
poly brick	12.0631,12.3131	13.9448,14.0698	0.6,0.72
poly brick	11.0631,11.3131	13.9448,14.0698	0.6,0.72
poly brick	11.5631,11.8131	13.9448,14.0698	0.6,0.72
poly brick	13.8131,13.9381	12.8198,13.0698	0.6,0.72
poly brick	13.8131,13.9381	13.0698,13.3198	0.6,0.72
poly brick	13.8131,13.9381	13.3198,13.5698	0.6,0.72
poly brick	13.8131,13.9381	13.5698,13.8198	0.6,0.72
poly brick	13.8131,13.9381	13.8198,14.0698	0.6,0.72
poly brick	13.8131,13.9381	12.0698,12.3198	0.6,0.72
poly brick	13.8131,13.9381	12.3198,12.5698	0.6,0.72
poly brick	13.8131,13.9381	12.5698,12.8198	0.6,0.72
poly brick	13.6881,14.0631	13.9448,14.0698	0.48,0.6
poly brick	13.4381,13.6881	13.9448,14.0698	0.48,0.6
poly brick	13.3131,13.5631	13.9448,14.0698	0.6,0.72
poly brick	13.5631,13.8131	13.9448,14.0698	0.6,0.72
poly brick	13.9381,14.1881	11.9448,12.0698	0.72,0.84
poly brick	14.9381,15.1881	11.9448,12.0698	0.72,0.84
poly brick	15.1881,15.4381	11.9448,12.0698	0.72,0.84
poly brick	14.1881,14.4381	11.9448,12.0698	0.72,0.84
poly brick	16.4381,16.6881	11.9448,12.0698	0.72,0.84
poly brick	15.4381,15.6881	11.9448,12.0698	0.72,0.84
poly brick	14.0631,14.3131	13.9448,14.0698	0.72,0.84
poly brick	15.0631,15.3131	13.9448,14.0698	0.72,0.84
poly brick	16.3131,16.5631	13.9448,14.0698	0.72,0.84
poly brick	15.3131,15.5631	13.9448,14.0698	0.72,0.84
poly brick	16.5631,16.8131	13.9448,14.0698	0.72,0.84
poly brick	15.5631,15.8131	13.9448,14.0698	0.72,0.84
poly brick	16.6881,16.8131	11.9448,12.1948	0.72,0.84
poly brick	16.6881,16.8131	12.1948,12.4448	0.72,0.84
poly brick	16.6881,16.8131	12.4448,12.6948	0.72,0.84
poly brick	16.6881,16.8131	12.6948,12.9448	0.72,0.84
poly brick	16.6881,16.8131	12.9448,13.1948	0.72,0.84
poly brick	16.6881,16.8131	13.1948,13.4448	0.72,0.84
poly brick	16.6881,16.8131	13.4448,13.6948	0.72,0.84
poly brick	16.6881,16.8131	13.6948,13.9448	0.72,0.84
poly brick	16.6881,16.8131	12.0698,12.3198	0.84,0.96
poly brick	16.6881,16.8131	12.3198,12.5698	0.84,0.96
poly brick	16.6881,16.8131	12.5698,12.8198	0.84,0.96
poly brick	16.6881,16.8131	12.8198,13.0698	0.84,0.96
poly brick	16.6881,16.8131	13.0698,13.3198	0.84,0.96
poly brick	16.6881,16.8131	13.3198,13.5698	0.84,0.96
poly brick	16.6881,16.8131	13.5698,13.8198	0.84,0.96
poly brick	16.6881,16.8131	13.8198,14.0698	0.84,0.96
poly brick	14.0631,14.3131	11.9448,12.0698	0.84,0.96
poly brick	15.0631,15.3131	11.9448,12.0698	0.84,0.96
poly brick	16.3131,16.5631	11.9448,12.0698	0.84,0.96
poly brick	15.3131,15.5631	11.9448,12.0698	0.84,0.96
poly brick	16.5631,16.8131	11.9448,12.0698	0.84,0.96
poly brick	15.5631,15.8131	11.9448,12.0698	0.84,0.96
poly brick	13.9381,14.1881	13.9448,14.0698	0.84,0.96
poly brick	14.9381,15.1881	13.9448,14.0698	0.84,0.96
poly brick	15.1881,15.4381	13.9448,14.0698	0.84,0.96
poly brick	16.4381,16.6881	13.9448,14.0698	0.84,0.96
poly brick	15.4381,15.6881	13.9448,14.0698	0.84,0.96
poly brick	13.8131,13.9381	12.6948,12.9448	0.72,0.84
poly brick	13.8131,13.9381	12.9448,13.1948	0.72,0.84
poly brick	13.8131,13.9381	13.1948,13.4448	0.72,0.84
poly brick	13.8131,13.9381	13.4448,13.6948	0.72,0.84
poly brick	13.8131,13.9381	13.6948,13.9448	0.72,0.84
poly brick	13.8131,13.9381	11.9448,12.1948	0.72,0.84
poly brick	13.8131,13.9381	12.1948,12.4448	0.72,0.84
poly brick	13.8131,13.9381	12.4448,12.6948	0.72,0.84
poly brick	13.5631,13.8131	11.9448,12.0698	0.72,0.84
poly brick	12.0631,12.3131	11.9448,12.0698	0.72,0.84
poly brick	11.5631,11.8131	11.9448,12.0698	0.72,0.84
poly brick	12.5631,12.8131	11.9448,12.0698	0.72,0.84
poly brick	12.3131,12.5631	11.9448,12.0698	0.72,0.84
poly brick	13.3131,13.5631	11.9448,12.0698	0.72,0.84
poly brick	11.3131,11.5631	11.9448,12.0698	0.72,0.84
poly brick	11.8131,12.0631	11.9448,12.0698	0.72,0.84
poly brick	12.1881,12.4381	11.9448,12.0698	0.84,0.96
poly brick	11.6881,11.9381	11.9448,12.0698	0.84,0.96
poly brick	12.4381,12.6881	11.9448,12.0698	0.84,0.96
poly brick	13.4381,13.6881	11.9448,12.0698	0.84,0.96
poly brick	11.4381,11.6881	11.9448,12.0698	0.84,0.96
poly brick	11.9381,12.1881	11.9448,12.0698	0.84,0.96
poly brick	11.1881,11.4381	11.9448,12.0698	0.84,0.96
poly brick	13.6881,14.0631	11.9448,12.0698	0.84,0.96
poly brick	11.0631,11.1881	12.0698,12.3198	0.72,0.84
poly brick	11.0631,11.1881	11.9448,12.1948	0.84,0.96
poly brick	11.0631,11.3131	11.9448,12.0698	0.72,0.84
poly brick	11.9381,12.1881	13.9448,14.0698	0.72,0.84
poly brick	11.4381,11.6881	13.9448,14.0698	0.72,0.84
poly brick	12.4381,12.6881	13.9448,14.0698	0.72,0.84
poly brick	12.1881,12.4381	13.9448,14.0698	0.72,0.84
poly brick	11.1881,11.4381	13.9448,14.0698	0.72,0.84
poly brick	11.6881,11.9381	13.9448,14.0698	0.72,0.84
poly brick	12.5631,12.8131	13.9448,14.0698	0.84,0.96
poly brick	11.8131,12.0631	13.9448,14.0698	0.84,0.96
poly brick	11.3131,11.5631	13.9448,14.0698	0.84,0.96
poly brick	12.3131,12.5631	13.9448,14.0698	0.84,0.96
poly brick	12.0631,12.3131	13.9448,14.0698	0.84,0.96
poly brick	11.0631,11.3131	13.9448,14.0698	0.84,0.96
poly brick	11.5631,11.8131	13.9448,14.0698	0.84,0.96
poly brick	13.8131,13.9381	12.8198,13.0698	0.84,0.96
poly brick	13.8131,13.9381	13.0698,13.3198	0.84,0.96
poly brick	13.8131,13.9381	13.3198,13.5698	0.84,0.96
poly brick	13.8131,13.9381	13.5698,13.8198	0.84,0.96
poly brick	13.8131,13.9381	13.8198,14.0698	0.84,0.96
poly brick	13.8131,13.9381	12.0698,12.3198	0.84,0.96
poly brick	13.8131,13.9381	12.3198,12.5698	0.84,0.96
poly brick	13.8131,13.9381	12.5698,12.8198	0.84,0.96
poly brick	13.6881,14.0631	13.9448,14.0698	0.72,0.84
poly brick	13.4381,13.6881	13.9448,14.0698	0.72,0.84
poly brick	13.3131,13.5631	13.9448,14.0698	0.84,0.96
poly brick	13.5631,13.8131	13.9448,14.0698	0.84,0.96
poly brick	13.9381,14.1881	11.9448,12.0698	0.96,1.08
poly brick	14.9381,15.1881	11.9448,12.0698	0.96,1.08
poly brick	15.1881,15.4381	11.9448,12.0698	0.96,1.08
poly brick	14.1881,14.4381	11.9448,12.0698	0.96,1.08
poly brick	16.4381,16.6881	11.9448,12.0698	0.96,1.08
poly brick	15.4381,15.6881	11.9448,12.0698	0.96,1.08
poly brick	14.0631,14.3131	13.9448,14.0698	0.96,1.08
poly brick	15.0631,15.3131	13.9448,14.0698	0.96,1.08
poly brick	16.3131,16.5631	13.9448,14.0698	0.96,1.08
poly brick	15.3131,15.5631	13.9448,14.0698	0.96,1.08
poly brick	16.5631,16.8131	13.9448,14.0698	0.96,1.08
poly brick	15.5631,15.8131	13.9448,14.0698	0.96,1.08
poly brick	16.6881,16.8131	11.9448,12.1948	0.96,1.08
poly brick	16.6881,16.8131	12.1948,12.4448	0.96,1.08
poly brick	16.6881,16.8131	12.4448,12.6948	0.96,1.08
poly brick	16.6881,16.8131	12.6948,12.9448	0.96,1.08
poly brick	16.6881,16.8131	12.9448,13.1948	0.96,1.08
poly brick	16.6881,16.8131	13.1948,13.4448	0.96,1.08
poly brick	16.6881,16.8131	13.4448,13.6948	0.96,1.08
poly brick	16.6881,16.8131	13.6948,13.9448	0.96,1.08
poly brick	16.6881,16.8131	12.0698,12.3198	1.08,1.2
poly brick	16.6881,16.8131	12.3198,12.5698	1.08,1.2
poly brick	16.6881,16.8131	12.5698,12.8198	1.08,1.2
poly brick	16.6881,16.8131	12.8198,13.0698	1.08,1.2
poly brick	16.6881,16.8131	13.0698,13.3198	1.08,1.2
poly brick	16.6881,16.8131	13.3198,13.5698	1.08,1.2
poly brick	16.6881,16.8131	13.5698,13.8198	1.08,1.2
poly brick	16.6881,16.8131	13.8198,14.0698	1.08,1.2
poly brick	14.0631,14.3131	11.9448,12.0698	1.08,1.2
poly brick	15.0631,15.3131	11.9448,12.0698	1.08,1.2
poly brick	15.3131,15.5631	11.9448,12.0698	1.08,1.2
poly brick	16.5631,16.8131	11.9448,12.0698	1.08,1.2
poly brick	13.9381,14.1881	13.9448,14.0698	1.08,1.2
poly brick	15.1881,15.4381	13.9448,14.0698	1.08,1.2
poly brick	16.4381,16.6881	13.9448,14.0698	1.08,1.2
poly brick	15.4381,15.6881	13.9448,14.0698	1.08,1.2
poly brick	13.8131,13.9381	12.6948,12.9448	0.96,1.08
poly brick	13.8131,13.9381	12.9448,13.1948	0.96,1.08
poly brick	13.8131,13.9381	13.1948,13.4448	0.96,1.08
poly brick	13.8131,13.9381	13.4448,13.6948	0.96,1.08
poly brick	13.8131,13.9381	13.6948,13.9448	0.96,1.08
poly brick	13.8131,13.9381	11.9448,12.1948	0.96,1.08
poly brick	13.8131,13.9381	12.1948,12.4448	0.96,1.08
poly brick	13.8131,13.9381	12.4448,12.6948	0.96,1.08
poly brick	13.5631,13.8131	11.9448,12.0698	0.96,1.08
poly brick	12.0631,12.3131	11.9448,12.0698	0.96,1.08
poly brick	11.5631,11.8131	11.9448,12.0698	0.96,1.08
poly brick	12.3131,12.5631	11.9448,12.0698	0.96,1.08
poly brick	13.3131,13.5631	11.9448,12.0698	0.96,1.08
poly brick	11.3131,11.5631	11.9448,12.0698	0.96,1.08
poly brick	11.8131,12.0631	11.9448,12.0698	0.96,1.08
poly brick	12.1881,12.4381	11.9448,12.0698	1.08,1.2
poly brick	11.6881,11.9381	11.9448,12.0698	1.08,1.2
poly brick	12.4381,12.6881	11.9448,12.0698	1.08,1.2
poly brick	11.4381,11.6881	11.9448,12.0698	1.08,1.2
poly brick	11.9381,12.1881	11.9448,12.0698	1.08,1.2
poly brick	11.1881,11.4381	11.9448,12.0698	1.08,1.2
poly brick	13.6881,14.0631	11.9448,12.0698	1.08,1.2
poly brick	11.0631,11.1881	12.0698,12.3198	0.96,1.08
poly brick	11.0631,11.1881	11.9448,12.1948	1.08,1.2
poly brick	11.0631,11.3131	11.9448,12.0698	0.96,1.08
poly brick	11.9381,12.1881	13.9448,14.0698	0.96,1.08
poly brick	11.4381,11.6881	13.9448,14.0698	0.96,1.08
poly brick	12.4381,12.6881	13.9448,14.0698	0.96,1.08
poly brick	12.1881,12.4381	13.9448,14.0698	0.96,1.08
poly brick	11.1881,11.4381	13.9448,14.0698	0.96,1.08
poly brick	11.6881,11.9381	13.9448,14.0698	0.96,1.08
poly brick	11.8131,12.0631	13.9448,14.0698	1.08,1.2
poly brick	11.3131,11.5631	13.9448,14.0698	1.08,1.2
poly brick	12.3131,12.5631	13.9448,14.0698	1.08,1.2
poly brick	12.0631,12.3131	13.9448,14.0698	1.08,1.2
poly brick	11.0631,11.3131	13.9448,14.0698	1.08,1.2
poly brick	11.5631,11.8131	13.9448,14.0698	1.08,1.2
poly brick	13.8131,13.9381	12.8198,13.0698	1.08,1.2
poly brick	13.8131,13.9381	13.0698,13.3198	1.08,1.2
poly brick	13.8131,13.9381	13.3198,13.5698	1.08,1.2
poly brick	13.8131,13.9381	13.5698,13.8198	1.08,1.2
poly brick	13.8131,13.9381	13.8198,14.0698	1.08,1.2
poly brick	13.8131,13.9381	12.0698,12.3198	1.08,1.2
poly brick	13.8131,13.9381	12.3198,12.5698	1.08,1.2
poly brick	13.8131,13.9381	12.5698,12.8198	1.08,1.2
poly brick	13.6881,14.0631	13.9448,14.0698	0.96,1.08
poly brick	13.4381,13.6881	13.9448,14.0698	0.96,1.08
poly brick	13.5631,13.8131	13.9448,14.0698	1.08,1.2
poly brick	13.9381,14.1881	11.9448,12.0698	1.2,1.32
poly brick	14.6881,14.9381	11.9448,12.0698	1.2,1.32
poly brick	14.9381,15.1881	11.9448,12.0698	1.2,1.32
poly brick	14.4381,14.6881	11.9448,12.0698	1.2,1.32
poly brick	15.1881,15.4381	11.9448,12.0698	1.2,1.32
poly brick	14.1881,14.4381	11.9448,12.0698	1.2,1.32
poly brick	16.4381,16.6881	11.9448,12.0698	1.2,1.32
poly brick	15.4381,15.6881	11.9448,12.0698	1.2,1.32
poly brick	15.0631,15.3131	13.9448,14.0698	1.2,1.32
poly brick	15.3131,15.5631	13.9448,14.0698	1.2,1.32
poly brick	16.5631,16.8131	13.9448,14.0698	1.2,1.32
poly brick	16.6881,16.8131	11.9448,12.1948	1.2,1.32
poly brick	16.6881,16.8131	12.1948,12.4448	1.2,1.32
poly brick	16.6881,16.8131	12.4448,12.6948	1.2,1.32
poly brick	16.6881,16.8131	12.6948,12.9448	1.2,1.32
poly brick	16.6881,16.8131	12.9448,13.1948	1.2,1.32
poly brick	16.6881,16.8131	13.1948,13.4448	1.2,1.32
poly brick	16.6881,16.8131	13.4448,13.6948	1.2,1.32
poly brick	16.6881,16.8131	13.6948,13.9448	1.2,1.32
poly brick	16.6881,16.8131	12.0698,12.3198	1.32,1.44
poly brick	16.6881,16.8131	12.3198,12.5698	1.32,1.44
poly brick	16.6881,16.8131	12.5698,12.8198	1.32,1.44
poly brick	16.6881,16.8131	12.8198,13.0698	1.32,1.44
poly brick	16.6881,16.8131	13.0698,13.3198	1.32,1.44
poly brick	16.6881,16.8131	13.3198,13.5698	1.32,1.44
poly brick	16.6881,16.8131	13.5698,13.8198	1.32,1.44
poly brick	16.6881,16.8131	13.8198,14.0698	1.32,1.44
poly brick	14.0631,14.3131	11.9448,12.0698	1.32,1.44
poly brick	14.8131,15.0631	11.9448,12.0698	1.32,1.44
poly brick	15.0631,15.3131	11.9448,12.0698	1.32,1.44
poly brick	14.5631,14.8131	11.9448,12.0698	1.32,1.44
poly brick	15.8131,16.0631	11.9448,12.0698	1.32,1.44
poly brick	16.3131,16.5631	11.9448,12.0698	1.32,1.44
poly brick	16.0631,16.3131	11.9448,12.0698	1.32,1.44
poly brick	15.3131,15.5631	11.9448,12.0698	1.32,1.44
poly brick	14.3131,14.5631	11.9448,12.0698	1.32,1.44
poly brick	16.5631,16.8131	11.9448,12.0698	1.32,1.44
poly brick	15.5631,15.8131	11.9448,12.0698	1.32,1.44
poly brick	13.9381,14.1881	13.9448,14.0698	1.32,1.44
poly brick	14.6881,14.9381	13.9448,14.0698	1.32,1.44
poly brick	14.9381,15.1881	13.9448,14.0698	1.32,1.44
poly brick	14.4381,14.6881	13.9448,14.0698	1.32,1.44
poly brick	15.6881,15.9381	13.9448,14.0698	1.32,1.44
poly brick	16.1881,16.4381	13.9448,14.0698	1.32,1.44
poly brick	15.9381,16.1881	13.9448,14.0698	1.32,1.44
poly brick	15.1881,15.4381	13.9448,14.0698	1.32,1.44
poly brick	14.1881,14.4381	13.9448,14.0698	1.32,1.44
poly brick	16.4381,16.6881	13.9448,14.0698	1.32,1.44
poly brick	15.4381,15.6881	13.9448,14.0698	1.32,1.44
poly brick	13.8131,13.9381	12.6948,12.9448	1.2,1.32
poly brick	13.8131,13.9381	12.9448,13.1948	1.2,1.32
poly brick	13.8131,13.9381	13.1948,13.4448	1.2,1.32
poly brick	13.8131,13.9381	13.4448,13.6948	1.2,1.32
poly brick	13.8131,13.9381	13.6948,13.9448	1.2,1.32
poly brick	13.8131,13.9381	11.9448,12.1948	1.2,1.32
poly brick	13.8131,13.9381	12.1948,12.4448	1.2,1.32
poly brick	13.8131,13.9381	12.4448,12.6948	1.2,1.32
poly brick	13.5631,13.8131	11.9448,12.0698	1.2,1.32
poly brick	12.8131,13.0631	11.9448,12.0698	1.2,1.32
poly brick	12.0631,12.3131	11.9448,12.0698	1.2,1.32
poly brick	11.5631,11.8131	11.9448,12.0698	1.2,1.32
poly brick	12.5631,12.8131	11.9448,12.0698	1.2,1.32
poly brick	13.0631,13.3131	11.9448,12.0698	1.2,1.32
poly brick	12.3131,12.5631	11.9448,12.0698	1.2,1.32
poly brick	13.3131,13.5631	11.9448,12.0698	1.2,1.32
poly brick	11.3131,11.5631	11.9448,12.0698	1.2,1.32
poly brick	11.8131,12.0631	11.9448,12.0698	1.2,1.32
poly brick	12.9381,13.1881	11.9448,12.0698	1.32,1.44
poly brick	12.1881,12.4381	11.9448,12.0698	1.32,1.44
poly brick	11.6881,11.9381	11.9448,12.0698	1.32,1.44
poly brick	12.6881,12.9381	11.9448,12.0698	1.32,1.44
poly brick	13.1881,13.4381	11.9448,12.0698	1.32,1.44
poly brick	12.4381,12.6881	11.9448,12.0698	1.32,1.44
poly brick	13.4381,13.6881	11.9448,12.0698	1.32,1.44
poly brick	11.4381,11.6881	11.9448,12.0698	1.32,1.44
poly brick	11.9381,12.1881	11.9448,12.0698	1.32,1.44
poly brick	11.1881,11.4381	11.9448,12.0698	1.32,1.44
poly brick	13.6881,14.0631	11.9448,12.0698	1.32,1.44
poly brick	11.0631,11.1881	12.0698,12.3198	1.2,1.32
poly brick	11.0631,11.1881	12.3198,12.5698	1.2,1.32
poly brick	11.0631,11.1881	12.5698,12.8198	1.2,1.32
poly brick	11.0631,11.1881	12.8198,13.0698	1.2,1.32
poly brick	11.0631,11.1881	13.0698,13.3198	1.2,1.32
poly brick	11.0631,11.1881	13.3198,13.5698	1.2,1.32
poly brick	11.0631,11.1881	13.5698,13.8198	1.2,1.32
poly brick	11.0631,11.1881	13.8198,14.0698	1.2,1.32
poly brick	11.0631,11.1881	11.9448,12.1948	1.32,1.44
poly brick	11.0631,11.1881	12.1948,12.4448	1.32,1.44
poly brick	11.0631,11.1881	12.4448,12.6948	1.32,1.44
poly brick	11.0631,11.1881	12.6948,12.9448	1.32,1.44
poly brick	11.0631,11.1881	12.9448,13.1948	1.32,1.44
poly brick	11.0631,11.1881	13.1948,13.4448	1.32,1.44
poly brick	11.0631,11.1881	13.4448,13.6948	1.32,1.44
poly brick	11.0631,11.1881	13.6948,13.9448	1.32,1.44
poly brick	11.0631,11.3131	11.9448,12.0698	1.2,1.32
poly brick	11.9381,12.1881	13.9448,14.0698	1.2,1.32
poly brick	11.4381,11.6881	13.9448,14.0698	1.2,1.32
poly brick	12.1881,12.4381	13.9448,14.0698	1.2,1.32
poly brick	11.1881,11.4381	13.9448,14.0698	1.2,1.32
poly brick	11.6881,11.9381	13.9448,14.0698	1.2,1.32
poly brick	12.5631,12.8131	13.9448,14.0698	1.32,1.44
poly brick	11.8131,12.0631	13.9448,14.0698	1.32,1.44
poly brick	11.3131,11.5631	13.9448,14.0698	1.32,1.44
poly brick	12.3131,12.5631	13.9448,14.0698	1.32,1.44
poly brick	12.8131,13.0631	13.9448,14.0698	1.32,1.44
poly brick	12.0631,12.3131	13.9448,14.0698	1.32,1.44
poly brick	13.0631,13.3131	13.9448,14.0698	1.32,1.44
poly brick	11.0631,11.3131	13.9448,14.0698	1.32,1.44
poly brick	11.5631,11.8131	13.9448,14.0698	1.32,1.44
poly brick	13.8131,13.9381	12.8198,13.0698	1.32,1.44
poly brick	13.8131,13.9381	13.0698,13.3198	1.32,1.44
poly brick	13.8131,13.9381	13.3198,13.5698	1.32,1.44
poly brick	13.8131,13.9381	13.5698,13.8198	1.32,1.44
poly brick	13.8131,13.9381	13.8198,14.0698	1.32,1.44
poly brick	13.8131,13.9381	12.0698,12.3198	1.32,1.44
poly brick	13.8131,13.9381	12.3198,12.5698	1.32,1.44
poly brick	13.8131,13.9381	12.5698,12.8198	1.32,1.44
poly brick	13.6881,14.0631	13.9448,14.0698	1.2,1.32
poly brick	13.4381,13.6881	13.9448,14.0698	1.2,1.32
poly brick	13.3131,13.5631	13.9448,14.0698	1.32,1.44
poly brick	13.5631,13.8131	13.9448,14.0698	1.32,1.44
poly brick	13.9381,14.1881	11.9448,12.0698	1.44,1.56
poly brick	14.6881,14.9381	11.9448,12.0698	1.44,1.56
poly brick	14.9381,15.1881	11.9448,12.0698	1.44,1.56
poly brick	14.4381,14.6881	11.9448,12.0698	1.44,1.56
poly brick	15.6881,15.9381	11.9448,12.0698	1.44,1.56
poly brick	16.1881,16.4381	11.9448,12.0698	1.44,1.56
poly brick	15.9381,16.1881	11.9448,12.0698	1.44,1.56
poly brick	15.1881,15.4381	11.9448,12.0698	1.44,1.56
poly brick	14.1881,14.4381	11.9448,12.0698	1.44,1.56
poly brick	16.4381,16.6881	11.9448,12.0698	1.44,1.56
poly brick	15.4381,15.6881	11.9448,12.0698	1.44,1.56
poly brick	14.0631,14.3131	13.9448,14.0698	1.44,1.56
poly brick	14.8131,15.0631	13.9448,14.0698	1.44,1.56
poly brick	15.0631,15.3131	13.9448,14.0698	1.44,1.56
poly brick	14.5631,14.8131	13.9448,14.0698	1.44,1.56
poly brick	15.8131,16.0631	13.9448,14.0698	1.44,1.56
poly brick	16.3131,16.5631	13.9448,14.0698	1.44,1.56
poly brick	16.0631,16.3131	13.9448,14.0698	1.44,1.56
poly brick	15.3131,15.5631	13.9448,14.0698	1.44,1.56
poly brick	14.3131,14.5631	13.9448,14.0698	1.44,1.56
poly brick	16.5631,16.8131	13.9448,14.0698	1.44,1.56
poly brick	15.5631,15.8131	13.9448,14.0698	1.44,1.56
poly brick	16.6881,16.8131	11.9448,12.1948	1.44,1.56
poly brick	16.6881,16.8131	12.1948,12.4448	1.44,1.56
poly brick	16.6881,16.8131	12.4448,12.6948	1.44,1.56
poly brick	16.6881,16.8131	12.6948,12.9448	1.44,1.56
poly brick	16.6881,16.8131	12.9448,13.1948	1.44,1.56
poly brick	16.6881,16.8131	13.1948,13.4448	1.44,1.56
poly brick	16.6881,16.8131	13.4448,13.6948	1.44,1.56
poly brick	16.6881,16.8131	13.6948,13.9448	1.44,1.56
poly brick	16.6881,16.8131	12.0698,12.3198	1.56,1.68
poly brick	16.6881,16.8131	12.3198,12.5698	1.56,1.68
poly brick	16.6881,16.8131	12.5698,12.8198	1.56,1.68
poly brick	16.6881,16.8131	12.8198,13.0698	1.56,1.68
poly brick	16.6881,16.8131	13.0698,13.3198	1.56,1.68
poly brick	16.6881,16.8131	13.3198,13.5698	1.56,1.68
poly brick	16.6881,16.8131	13.5698,13.8198	1.56,1.68
poly brick	16.6881,16.8131	13.8198,14.0698	1.56,1.68
poly brick	14.0631,14.3131	11.9448,12.0698	1.56,1.68
poly brick	14.8131,15.0631	11.9448,12.0698	1.56,1.68
poly brick	15.0631,15.3131	11.9448,12.0698	1.56,1.68
poly brick	14.5631,14.8131	11.9448,12.0698	1.56,1.68
poly brick	15.8131,16.0631	11.9448,12.0698	1.56,1.68
poly brick	16.3131,16.5631	11.9448,12.0698	1.56,1.68
poly brick	16.0631,16.3131	11.9448,12.0698	1.56,1.68
poly brick	15.3131,15.5631	11.9448,12.0698	1.56,1.68
poly brick	14.3131,14.5631	11.9448,12.0698	1.56,1.68
poly brick	16.5631,16.8131	11.9448,12.0698	1.56,1.68
poly brick	15.5631,15.8131	11.9448,12.0698	1.56,1.68
poly brick	13.9381,14.1881	13.9448,14.0698	1.56,1.68
poly brick	14.6881,14.9381	13.9448,14.0698	1.56,1.68
poly brick	14.9381,15.1881	13.9448,14.0698	1.56,1.68
poly brick	14.4381,14.6881	13.9448,14.0698	1.56,1.68
poly brick	15.6881,15.9381	13.9448,14.0698	1.56,1.68
poly brick	16.1881,16.4381	13.9448,14.0698	1.56,1.68
poly brick	15.9381,16.1881	13.9448,14.0698	1.56,1.68
poly brick	15.1881,15.4381	13.9448,14.0698	1.56,1.68
poly brick	14.1881,14.4381	13.9448,14.0698	1.56,1.68
poly brick	16.4381,16.6881	13.9448,14.0698	1.56,1.68
poly brick	15.4381,15.6881	13.9448,14.0698	1.56,1.68
poly brick	13.8131,13.9381	12.6948,12.9448	1.44,1.56
poly brick	13.8131,13.9381	12.9448,13.1948	1.44,1.56
poly brick	13.8131,13.9381	13.1948,13.4448	1.44,1.56
poly brick	13.8131,13.9381	13.4448,13.6948	1.44,1.56
poly brick	13.8131,13.9381	13.6948,13.9448	1.44,1.56
poly brick	13.8131,13.9381	11.9448,12.1948	1.44,1.56
poly brick	13.8131,13.9381	12.1948,12.4448	1.44,1.56
poly brick	13.8131,13.9381	12.4448,12.6948	1.44,1.56
poly brick	13.5631,13.8131	11.9448,12.0698	1.44,1.56
poly brick	12.8131,13.0631	11.9448,12.0698	1.44,1.56
poly brick	12.0631,12.3131	11.9448,12.0698	1.44,1.56
poly brick	11.5631,11.8131	11.9448,12.0698	1.44,1.56
poly brick	12.5631,12.8131	11.9448,12.0698	1.44,1.56
poly brick	13.0631,13.3131	11.9448,12.0698	1.44,1.56
poly brick	12.3131,12.5631	11.9448,12.0698	1.44,1.56
poly brick	13.3131,13.5631	11.9448,12.0698	1.44,1.56
poly brick	11.3131,11.5631	11.9448,12.0698	1.44,1.56
poly brick	11.8131,12.0631	11.9448,12.0698	1.44,1.56
poly brick	12.9381,13.1881	11.9448,12.0698	1.56,1.68
poly brick	12.1881,12.4381	11.9448,12.0698	1.56,1.68
poly brick	11.6881,11.9381	11.9448,12.0698	1.56,1.68
poly brick	12.6881,12.9381	11.9448,12.0698	1.56,1.68
poly brick	13.1881,13.4381	11.9448,12.0698	1.56,1.68
poly brick	12.4381,12.6881	11.9448,12.0698	1.56,1.68
poly brick	13.4381,13.6881	11.9448,12.0698	1.56,1.68
poly brick	11.4381,11.6881	11.9448,12.0698	1.56,1.68
poly brick	11.9381,12.1881	11.9448,12.0698	1.56,1.68
poly brick	11.1881,11.4381	11.9448,12.0698	1.56,1.68
poly brick	13.6881,14.0631	11.9448,12.0698	1.56,1.68
poly brick	11.0631,11.1881	12.0698,12.3198	1.44,1.56
poly brick	11.0631,11.1881	12.3198,12.5698	1.44,1.56
poly brick	11.0631,11.1881	12.5698,12.8198	1.44,1.56
poly brick	11.0631,11.1881	12.8198,13.0698	1.44,1.56
poly brick	11.0631,11.1881	13.0698,13.3198	1.44,1.56
poly brick	11.0631,11.1881	13.3198,13.5698	1.44,1.56
poly brick	11.0631,11.1881	13.5698,13.8198	1.44,1.56
poly brick	11.0631,11.1881	13.8198,14.0698	1.44,1.56
poly brick	11.0631,11.1881	11.9448,12.1948	1.56,1.68
poly brick	11.0631,11.1881	12.1948,12.4448	1.56,1.68
poly brick	11.0631,11.1881	12.4448,12.6948	1.56,1.68
poly brick	11.0631,11.1881	12.6948,12.9448	1.56,1.68
poly brick	11.0631,11.1881	12.9448,13.1948	1.56,1.68
poly brick	11.0631,11.1881	13.1948,13.4448	1.56,1.68
poly brick	11.0631,11.1881	13.4448,13.6948	1.56,1.68
poly brick	11.0631,11.1881	13.6948,13.9448	1.56,1.68
poly brick	11.0631,11.3131	11.9448,12.0698	1.44,1.56
poly brick	12.6881,12.9381	13.9448,14.0698	1.44,1.56
poly brick	11.9381,12.1881	13.9448,14.0698	1.44,1.56
poly brick	11.4381,11.6881	13.9448,14.0698	1.44,1.56
poly brick	12.4381,12.6881	13.9448,14.0698	1.44,1.56
poly brick	12.9381,13.1881	13.9448,14.0698	1.44,1.56
poly brick	12.1881,12.4381	13.9448,14.0698	1.44,1.56
poly brick	13.1881,13.4381	13.9448,14.0698	1.44,1.56
poly brick	11.1881,11.4381	13.9448,14.0698	1.44,1.56
poly brick	11.6881,11.9381	13.9448,14.0698	1.44,1.56
poly brick	12.5631,12.8131	13.9448,14.0698	1.56,1.68
poly brick	11.8131,12.0631	13.9448,14.0698	1.56,1.68
poly brick	11.3131,11.5631	13.9448,14.0698	1.56,1.68
poly brick	12.3131,12.5631	13.9448,14.0698	1.56,1.68
poly brick	12.8131,13.0631	13.9448,14.0698	1.56,1.68
poly brick	12.0631,12.3131	13.9448,14.0698	1.56,1.68
poly brick	13.0631,13.3131	13.9448,14.0698	1.56,1.68
poly brick	11.0631,11.3131	13.9448,14.0698	1.56,1.68
poly brick	11.5631,11.8131	13.9448,14.0698	1.56,1.68
poly brick	13.8131,13.9381	12.8198,13.0698	1.56,1.68
poly brick	13.8131,13.9381	13.0698,13.3198	1.56,1.68
poly brick	13.8131,13.9381	13.3198,13.5698	1.56,1.68
poly brick	13.8131,13.9381	13.5698,13.8198	1.56,1.68
poly brick	13.8131,13.9381	13.8198,14.0698	1.56,1.68
poly brick	13.8131,13.9381	12.0698,12.3198	1.56,1.68
poly brick	13.8131,13.9381	12.3198,12.5698	1.56,1.68
poly brick	13.8131,13.9381	12.5698,12.8198	1.56,1.68
poly brick	13.6881,14.0631	13.9448,14.0698	1.44,1.56
poly brick	13.4381,13.6881	13.9448,14.0698	1.44,1.56
poly brick	13.3131,13.5631	13.9448,14.0698	1.56,1.68
poly brick	13.5631,13.8131	13.9448,14.0698	1.56,1.68
poly brick	12.6881,12.8131	11.9448,12.0698	0.6,0.72
poly brick	12.6881,12.8131	11.9448,12.0698	0.84,0.96
poly brick	12.5631,12.8131	11.9448,12.0698	0.96,1.08
poly brick	13.4381,13.6881	11.9448,12.0698	1.08,1.2
poly brick	12.6881,13.4381	11.9448,12.0698	1.08,1.2
poly brick	13.3131,13.4381	11.9448,12.0698	0.84,0.96
poly brick	13.3131,13.4381	11.9448,12.0698	0.6,0.72
poly brick	12.4381,12.6881	13.9448,14.0698	0.48,0.6
poly brick	12.6881,12.8131	13.9448,14.0698	0.72,0.84
poly brick	12.6881,12.8131	13.9448,14.0698	0.96,1.08
poly brick	13.3131,13.4381	13.9448,14.0698	0.72,0.84
poly brick	13.3131,13.4381	13.9448,14.0698	0.96,1.08
poly brick	12.4381,12.6881	13.9448,14.0698	1.2,1.32
poly brick	11.0631,11.1881	12.1948,12.3198	0.12,0.24
poly brick	11.0631,11.1881	12.1948,12.3198	0.36,0.48
poly brick	11.0631,11.1881	12.1948,12.3198	0.6,0.72
poly brick	11.0631,11.1881	12.1948,12.3198	0.84,0.96
poly brick	11.0631,11.3131	13.9448,14.0698	0.12,0.24
poly brick	11.0631,11.1881	13.8198,14.0698	0.96,1.08
poly brick	11.0631,11.1881	13.6948,13.9448	0.84,0.96
poly brick	11.0631,11.1881	13.8198,14.0698	0.72,0.84
poly brick	11.0631,11.1881	13.6948,13.9448	0.6,0.72
poly brick	11.0631,11.1881	13.8198,14.0698	0.48,0.6
poly brick	11.0631,11.1881	13.6948,13.9448	0.36,0.48
poly brick	11.0631,11.1881	13.8198,14.0698	0.24,0.36
poly brick	11.0631,11.1881	13.6948,13.9448	0.12,0.24
poly brick	11.0631,11.1881	13.8198,14.0698	0.0,0.12
poly brick	11.0631,11.1881	13.5698,13.8198	0.96,1.08
poly brick	11.0631,11.1881	13.5698,13.8198	0.72,0.84
poly brick	11.0631,11.1881	13.5698,13.8198	0.48,0.6
poly brick	11.0631,11.1881	13.5698,13.8198	0.24,0.36
poly brick	11.0631,11.1881	13.5698,13.8198	0.0,0.12
poly brick	11.0631,11.1881	12.1948,13.6948	1.08,1.2
poly brick	11.0631,11.1881	13.6948,13.9448	1.08,1.2
poly brick	11.0631,11.1881	13.5698,13.6948	0.12,0.24
poly brick	11.0631,11.1881	13.5698,13.6948	0.36,0.48
poly brick	11.0631,11.1881	13.5698,13.6948	0.6,0.72
poly brick	11.0631,11.1881	13.5698,13.6948	0.84,0.96
poly brick	14.3131,14.4381	11.9448,12.0698	0.12,0.24
poly brick	14.3131,14.4381	11.9448,12.0698	0.36,0.48
poly brick	14.9381,15.0631	11.9448,12.0698	0.36,0.48
poly brick	14.9381,15.0631	11.9448,12.0698	0.12,0.24
poly brick	14.3131,14.4381	11.9448,12.0698	0.6,0.72
poly brick	14.3131,14.4381	11.9448,12.0698	0.84,0.96
poly brick	14.9381,15.0631	11.9448,12.0698	0.84,0.96
poly brick	14.9381,15.0631	11.9448,12.0698	0.6,0.72
poly brick	14.3131,15.0631	11.9448,12.0698	1.08,1.2
poly brick	14.3131,14.4381	13.9448,14.0698	0.0,0.12
poly brick	14.1881,14.4381	13.9448,14.0698	0.12,0.24
poly brick	14.3131,14.4381	13.9448,14.0698	0.24,0.36
poly brick	14.1881,14.4381	13.9448,14.0698	0.36,0.48
poly brick	14.9381,15.0631	13.9448,14.0698	0.0,0.12
poly brick	14.9381,15.0631	13.9448,14.0698	0.24,0.36
poly brick	14.9381,15.0631	13.9448,14.0698	0.72,0.84
poly brick	14.9381,15.0631	13.9448,14.0698	0.96,1.08
poly brick	14.3131,14.4381	13.9448,14.0698	0.48,0.6
poly brick	14.3131,14.4381	13.9448,14.0698	0.72,0.84
poly brick	14.9381,15.0631	13.9448,14.0698	0.48,0.6
poly brick	14.1881,14.4381	13.9448,14.0698	0.84,0.96
poly brick	14.3131,14.4381	13.9448,14.0698	0.96,1.08
poly brick	14.0631,14.3131	13.9448,14.0698	1.2,1.32
poly brick	15.6881,15.8131	13.9448,14.0698	0.6,0.72
poly brick	15.6881,15.8131	13.9448,14.0698	0.84,0.96
poly brick	16.3131,16.4381	13.9448,14.0698	0.6,0.72
poly brick	16.3131,16.4381	13.9448,14.0698	0.84,0.96
poly brick	15.5631,15.8131	11.9448,12.0698	0.6,0.72
poly brick	15.6881,15.8131	11.9448,12.0698	0.72,0.84
poly brick	15.6881,15.8131	11.9448,12.0698	0.96,1.08
poly brick	16.3131,16.4381	11.9448,12.0698	0.72,0.84
poly brick	16.3131,16.4381	11.9448,12.0698	0.96,1.08
poly brick	16.1881,16.4381	11.9448,12.0698	1.2,1.32
poly brick	15.9381,16.1881	11.9448,12.0698	1.2,1.32
poly brick	15.6881,15.9381	11.9448,12.0698	1.2,1.32
poly brick	15.5631,16.5631	11.9448,12.0698	1.08,1.2
poly brick	15.6881,15.8131	11.9448,12.0698	0.48,0.6
poly brick	16.3131,16.4381	11.9448,12.0698	0.48,0.6
poly brick	15.6881,16.4381	13.9448,14.0698	1.08,1.2
poly brick	15.8131,16.0631	13.9448,14.0698	1.2,1.32
poly brick	16.3131,16.5631	13.9448,14.0698	1.2,1.32
poly brick	16.0631,16.3131	13.9448,14.0698	1.2,1.32
poly brick	15.5631,15.8131	13.9448,14.0698	1.2,1.32
poly brick	14.1881,15.1881	13.9448,14.0698	1.08,1.2
poly brick	14.8131,15.0631	13.9448,14.0698	1.2,1.32
poly brick	14.5631,14.8131	13.9448,14.0698	1.2,1.32
poly brick	14.3131,14.5631	13.9448,14.0698	1.2,1.32
poly brick	12.6881,12.8131	13.9448,14.0698	0.48,0.6
poly brick	13.3131,13.4381	13.9448,14.0698	0.48,0.6
poly brick	12.5631,13.5631	13.9448,14.0698	1.08,1.2
poly brick	12.6881,12.9381	13.9448,14.0698	1.2,1.32
poly brick	12.9381,13.1881	13.9448,14.0698	1.2,1.32
poly brick	13.1881,13.4381	13.9448,14.0698	1.2,1.32
poly brick	13.9381,14.1881	11.9448,12.0698	1.68,1.8
poly brick	14.9381,15.1881	11.9448,12.0698	1.68,1.8
poly brick	15.6881,15.9381	11.9448,12.0698	1.68,1.8
poly brick	16.1881,16.4381	11.9448,12.0698	1.68,1.8
poly brick	15.9381,16.1881	11.9448,12.0698	1.68,1.8
poly brick	15.1881,15.4381	11.9448,12.0698	1.68,1.8
poly brick	14.1881,14.4381	11.9448,12.0698	1.68,1.8
poly brick	16.4381,16.6881	11.9448,12.0698	1.68,1.8
poly brick	15.4381,15.6881	11.9448,12.0698	1.68,1.8
poly brick	14.0631,14.3131	13.9448,14.0698	1.68,1.8
poly brick	15.0631,15.3131	13.9448,14.0698	1.68,1.8
poly brick	15.8131,16.0631	13.9448,14.0698	1.68,1.8
poly brick	16.3131,16.5631	13.9448,14.0698	1.68,1.8
poly brick	16.0631,16.3131	13.9448,14.0698	1.68,1.8
poly brick	15.3131,15.5631	13.9448,14.0698	1.68,1.8
poly brick	16.5631,16.8131	13.9448,14.0698	1.68,1.8
poly brick	15.5631,15.8131	13.9448,14.0698	1.68,1.8
poly brick	16.6881,16.8131	11.9448,12.1948	1.68,1.8
poly brick	16.6881,16.8131	12.1948,12.4448	1.68,1.8
poly brick	16.6881,16.8131	12.4448,12.6948	1.68,1.8
poly brick	16.6881,16.8131	12.6948,12.9448	1.68,1.8
poly brick	16.6881,16.8131	12.9448,13.1948	1.68,1.8
poly brick	16.6881,16.8131	13.1948,13.4448	1.68,1.8
poly brick	16.6881,16.8131	13.4448,13.6948	1.68,1.8
poly brick	16.6881,16.8131	13.6948,13.9448	1.68,1.8
poly brick	16.6881,16.8131	12.0698,12.3198	1.8,1.92
poly brick	16.6881,16.8131	12.3198,12.5698	1.8,1.92
poly brick	16.6881,16.8131	12.5698,12.8198	1.8,1.92
poly brick	16.6881,16.8131	12.8198,13.0698	1.8,1.92
poly brick	16.6881,16.8131	13.0698,13.3198	1.8,1.92
poly brick	16.6881,16.8131	13.3198,13.5698	1.8,1.92
poly brick	16.6881,16.8131	13.5698,13.8198	1.8,1.92
poly brick	16.6881,16.8131	13.8198,14.0698	1.8,1.92
poly brick	14.0631,14.3131	11.9448,12.0698	1.8,1.92
poly brick	15.0631,15.3131	11.9448,12.0698	1.8,1.92
poly brick	15.8131,16.0631	11.9448,12.0698	1.8,1.92
poly brick	16.3131,16.5631	11.9448,12.0698	1.8,1.92
poly brick	16.0631,16.3131	11.9448,12.0698	1.8,1.92
poly brick	15.3131,15.5631	11.9448,12.0698	1.8,1.92
poly brick	16.5631,16.8131	11.9448,12.0698	1.8,1.92
poly brick	15.5631,15.8131	11.9448,12.0698	1.8,1.92
poly brick	13.9381,14.1881	13.9448,14.0698	1.8,1.92
poly brick	14.9381,15.1881	13.9448,14.0698	1.8,1.92
poly brick	15.6881,15.9381	13.9448,14.0698	1.8,1.92
poly brick	16.1881,16.4381	13.9448,14.0698	1.8,1.92
poly brick	15.9381,16.1881	13.9448,14.0698	1.8,1.92
poly brick	15.1881,15.4381	13.9448,14.0698	1.8,1.92
poly brick	16.4381,16.6881	13.9448,14.0698	1.8,1.92
poly brick	15.4381,15.6881	13.9448,14.0698	1.8,1.92
poly brick	13.8131,13.9381	12.6948,12.9448	1.68,1.8
poly brick	13.8131,13.9381	12.9448,13.1948	1.68,1.8
poly brick	13.8131,13.9381	13.1948,13.4448	1.68,1.8
poly brick	13.8131,13.9381	13.4448,13.6948	1.68,1.8
poly brick	13.8131,13.9381	13.6948,13.9448	1.68,1.8
poly brick	13.8131,13.9381	11.9448,12.1948	1.68,1.8
poly brick	13.8131,13.9381	12.1948,12.4448	1.68,1.8
poly brick	13.8131,13.9381	12.4448,12.6948	1.68,1.8
poly brick	13.8131,13.9381	12.8198,13.0698	1.8,1.92
poly brick	13.8131,13.9381	13.0698,13.3198	1.8,1.92
poly brick	13.8131,13.9381	13.3198,13.5698	1.8,1.92
poly brick	13.8131,13.9381	13.5698,13.8198	1.8,1.92
poly brick	13.8131,13.9381	13.8198,14.0698	1.8,1.92
poly brick	13.8131,13.9381	12.0698,12.3198	1.8,1.92
poly brick	13.8131,13.9381	12.3198,12.5698	1.8,1.92
poly brick	13.8131,13.9381	12.5698,12.8198	1.8,1.92
poly brick	13.9381,14.1881	11.9448,12.0698	1.92,2.04
poly brick	14.9381,15.1881	11.9448,12.0698	1.92,2.04
poly brick	15.6881,15.9381	11.9448,12.0698	1.92,2.04
poly brick	16.1881,16.4381	11.9448,12.0698	1.92,2.04
poly brick	15.9381,16.1881	11.9448,12.0698	1.92,2.04
poly brick	15.1881,15.4381	11.9448,12.0698	1.92,2.04
poly brick	14.1881,14.4381	11.9448,12.0698	1.92,2.04
poly brick	16.4381,16.6881	11.9448,12.0698	1.92,2.04
poly brick	15.4381,15.6881	11.9448,12.0698	1.92,2.04
poly brick	14.0631,14.3131	13.9448,14.0698	1.92,2.04
poly brick	15.0631,15.3131	13.9448,14.0698	1.92,2.04
poly brick	15.8131,16.0631	13.9448,14.0698	1.92,2.04
poly brick	16.3131,16.5631	13.9448,14.0698	1.92,2.04
poly brick	16.0631,16.3131	13.9448,14.0698	1.92,2.04
poly brick	15.3131,15.5631	13.9448,14.0698	1.92,2.04
poly brick	16.5631,16.8131	13.9448,14.0698	1.92,2.04
poly brick	15.5631,15.8131	13.9448,14.0698	1.92,2.04
poly brick	16.6881,16.8131	11.9448,12.1948	1.92,2.04
poly brick	16.6881,16.8131	12.1948,12.4448	1.92,2.04
poly brick	16.6881,16.8131	12.4448,12.6948	1.92,2.04
poly brick	16.6881,16.8131	12.6948,12.9448	1.92,2.04
poly brick	16.6881,16.8131	12.9448,13.1948	1.92,2.04
poly brick	16.6881,16.8131	13.1948,13.4448	1.92,2.04
poly brick	16.6881,16.8131	13.4448,13.6948	1.92,2.04
poly brick	16.6881,16.8131	13.6948,13.9448	1.92,2.04
poly brick	16.6881,16.8131	12.0698,12.3198	2.04,2.16
poly brick	16.6881,16.8131	12.3198,12.5698	2.04,2.16
poly brick	16.6881,16.8131	12.5698,12.8198	2.04,2.16
poly brick	16.6881,16.8131	12.8198,13.0698	2.04,2.16
poly brick	16.6881,16.8131	13.0698,13.3198	2.04,2.16
poly brick	16.6881,16.8131	13.3198,13.5698	2.04,2.16
poly brick	16.6881,16.8131	13.5698,13.8198	2.04,2.16
poly brick	16.6881,16.8131	13.8198,14.0698	2.04,2.16
poly brick	14.0631,14.3131	11.9448,12.0698	2.04,2.16
poly brick	15.0631,15.3131	11.9448,12.0698	2.04,2.16
poly brick	15.8131,16.0631	11.9448,12.0698	2.04,2.16
poly brick	16.3131,16.5631	11.9448,12.0698	2.04,2.16
poly brick	16.0631,16.3131	11.9448,12.0698	2.04,2.16
poly brick	15.3131,15.5631	11.9448,12.0698	2.04,2.16
poly brick	16.5631,16.8131	11.9448,12.0698	2.04,2.16
poly brick	15.5631,15.8131	11.9448,12.0698	2.04,2.16
poly brick	13.9381,14.1881	13.9448,14.0698	2.04,2.16
poly brick	14.9381,15.1881	13.9448,14.0698	2.04,2.16
poly brick	15.6881,15.9381	13.9448,14.0698	2.04,2.16
poly brick	16.1881,16.4381	13.9448,14.0698	2.04,2.16
poly brick	15.9381,16.1881	13.9448,14.0698	2.04,2.16
poly brick	15.1881,15.4381	13.9448,14.0698	2.04,2.16
poly brick	16.4381,16.6881	13.9448,14.0698	2.04,2.16
poly brick	15.4381,15.6881	13.9448,14.0698	2.04,2.16
poly brick	13.8131,13.9381	12.6948,12.9448	1.92,2.04
poly brick	13.8131,13.9381	12.9448,13.1948	1.92,2.04
poly brick	13.8131,13.9381	13.1948,13.4448	1.92,2.04
poly brick	13.8131,13.9381	13.4448,13.6948	1.92,2.04
poly brick	13.8131,13.9381	13.6948,13.9448	1.92,2.04
poly brick	13.8131,13.9381	11.9448,12.1948	1.92,2.04
poly brick	13.8131,13.9381	12.1948,12.4448	1.92,2.04
poly brick	13.8131,13.9381	12.4448,12.6948	1.92,2.04
poly brick	13.8131,13.9381	12.8198,13.0698	2.04,2.16
poly brick	13.8131,13.9381	13.0698,13.3198	2.04,2.16
poly brick	13.8131,13.9381	13.3198,13.5698	2.04,2.16
poly brick	13.8131,13.9381	13.5698,13.8198	2.04,2.16
poly brick	13.8131,13.9381	13.8198,14.0698	2.04,2.16
poly brick	13.8131,13.9381	12.0698,12.3198	2.04,2.16
poly brick	13.8131,13.9381	12.3198,12.5698	2.04,2.16
poly brick	13.8131,13.9381	12.5698,12.8198	2.04,2.16
poly brick	13.9381,14.1881	11.9448,12.0698	2.16,2.28
poly brick	14.9381,15.1881	11.9448,12.0698	2.16,2.28
poly brick	15.1881,15.4381	11.9448,12.0698	2.16,2.28
poly brick	14.1881,14.4381	11.9448,12.0698	2.16,2.28
poly brick	16.4381,16.6881	11.9448,12.0698	2.16,2.28
poly brick	15.4381,15.6881	11.9448,12.0698	2.16,2.28
poly brick	14.0631,14.3131	13.9448,14.0698	2.16,2.28
poly brick	15.0631,15.3131	13.9448,14.0698	2.16,2.28
poly brick	16.3131,16.5631	13.9448,14.0698	2.16,2.28
poly brick	15.3131,15.5631	13.9448,14.0698	2.16,2.28
poly brick	16.5631,16.8131	13.9448,14.0698	2.16,2.28
poly brick	15.5631,15.8131	13.9448,14.0698	2.16,2.28
poly brick	16.6881,16.8131	11.9448,12.1948	2.16,2.28
poly brick	16.6881,16.8131	12.1948,12.4448	2.16,2.28
poly brick	16.6881,16.8131	12.4448,12.6948	2.16,2.28
poly brick	16.6881,16.8131	12.6948,12.9448	2.16,2.28
poly brick	16.6881,16.8131	12.9448,13.1948	2.16,2.28
poly brick	16.6881,16.8131	13.1948,13.4448	2.16,2.28
poly brick	16.6881,16.8131	13.4448,13.6948	2.16,2.28
poly brick	16.6881,16.8131	13.6948,13.9448	2.16,2.28
poly brick	16.6881,16.8131	12.0698,12.3198	2.28,2.4
poly brick	16.6881,16.8131	12.3198,12.5698	2.28,2.4
poly brick	16.6881,16.8131	12.5698,12.8198	2.28,2.4
poly brick	16.6881,16.8131	12.8198,13.0698	2.28,2.4
poly brick	16.6881,16.8131	13.0698,13.3198	2.28,2.4
poly brick	16.6881,16.8131	13.3198,13.5698	2.28,2.4
poly brick	16.6881,16.8131	13.5698,13.8198	2.28,2.4
poly brick	16.6881,16.8131	13.8198,14.0698	2.28,2.4
poly brick	14.0631,14.3131	11.9448,12.0698	2.28,2.4
poly brick	15.0631,15.3131	11.9448,12.0698	2.28,2.4
poly brick	16.3131,16.5631	11.9448,12.0698	2.28,2.4
poly brick	15.3131,15.5631	11.9448,12.0698	2.28,2.4
poly brick	16.5631,16.8131	11.9448,12.0698	2.28,2.4
poly brick	13.9381,14.1881	13.9448,14.0698	2.28,2.4
poly brick	14.9381,15.1881	13.9448,14.0698	2.28,2.4
poly brick	15.1881,15.4381	13.9448,14.0698	2.28,2.4
poly brick	14.1881,14.4381	13.9448,14.0698	2.28,2.4
poly brick	16.4381,16.6881	13.9448,14.0698	2.28,2.4
poly brick	15.4381,15.6881	13.9448,14.0698	2.28,2.4
poly brick	13.8131,13.9381	12.6948,12.9448	2.16,2.28
poly brick	13.8131,13.9381	12.9448,13.1948	2.16,2.28
poly brick	13.8131,13.9381	13.1948,13.4448	2.16,2.28
poly brick	13.8131,13.9381	13.4448,13.6948	2.16,2.28
poly brick	13.8131,13.9381	13.6948,13.9448	2.16,2.28
poly brick	13.8131,13.9381	11.9448,12.1948	2.16,2.28
poly brick	13.8131,13.9381	12.1948,12.4448	2.16,2.28
poly brick	13.8131,13.9381	12.4448,12.6948	2.16,2.28
poly brick	13.8131,13.9381	12.8198,13.0698	2.28,2.4
poly brick	13.8131,13.9381	13.0698,13.3198	2.28,2.4
poly brick	13.8131,13.9381	13.3198,13.5698	2.28,2.4
poly brick	13.8131,13.9381	13.5698,13.8198	2.28,2.4
poly brick	13.8131,13.9381	13.8198,14.0698	2.28,2.4
poly brick	13.8131,13.9381	12.0698,12.3198	2.28,2.4
poly brick	13.8131,13.9381	12.3198,12.5698	2.28,2.4
poly brick	13.8131,13.9381	12.5698,12.8198	2.28,2.4
poly brick	13.9381,14.1881	11.9448,12.0698	2.4,2.52
poly brick	14.9381,15.1881	11.9448,12.0698	2.4,2.52
poly brick	15.1881,15.4381	11.9448,12.0698	2.4,2.52
poly brick	14.1881,14.4381	11.9448,12.0698	2.4,2.52
poly brick	16.4381,16.6881	11.9448,12.0698	2.4,2.52
poly brick	15.4381,15.6881	11.9448,12.0698	2.4,2.52
poly brick	14.0631,14.3131	13.9448,14.0698	2.4,2.52
poly brick	15.0631,15.3131	13.9448,14.0698	2.4,2.52
poly brick	16.3131,16.5631	13.9448,14.0698	2.4,2.52
poly brick	15.3131,15.5631	13.9448,14.0698	2.4,2.52
poly brick	16.5631,16.8131	13.9448,14.0698	2.4,2.52
poly brick	15.5631,15.8131	13.9448,14.0698	2.4,2.52
poly brick	16.6881,16.8131	11.9448,12.1948	2.4,2.52
poly brick	16.6881,16.8131	12.1948,12.4448	2.4,2.52
poly brick	16.6881,16.8131	12.4448,12.6948	2.4,2.52
poly brick	16.6881,16.8131	12.6948,12.9448	2.4,2.52
poly brick	16.6881,16.8131	12.9448,13.1948	2.4,2.52
poly brick	16.6881,16.8131	13.1948,13.4448	2.4,2.52
poly brick	16.6881,16.8131	13.4448,13.6948	2.4,2.52
poly brick	16.6881,16.8131	13.6948,13.9448	2.4,2.52
poly brick	16.6881,16.8131	12.0698,12.3198	2.52,2.64
poly brick	16.6881,16.8131	12.3198,12.5698	2.52,2.64
poly brick	16.6881,16.8131	12.5698,12.8198	2.52,2.64
poly brick	16.6881,16.8131	12.8198,13.0698	2.52,2.64
poly brick	16.6881,16.8131	13.0698,13.3198	2.52,2.64
poly brick	16.6881,16.8131	13.3198,13.5698	2.52,2.64
poly brick	16.6881,16.8131	13.5698,13.8198	2.52,2.64
poly brick	16.6881,16.8131	13.8198,14.0698	2.52,2.64
poly brick	14.0631,14.3131	11.9448,12.0698	2.52,2.64
poly brick	15.0631,15.3131	11.9448,12.0698	2.52,2.64
poly brick	16.3131,16.5631	11.9448,12.0698	2.52,2.64
poly brick	15.3131,15.5631	11.9448,12.0698	2.52,2.64
poly brick	16.5631,16.8131	11.9448,12.0698	2.52,2.64
poly brick	15.5631,15.8131	11.9448,12.0698	2.52,2.64
poly brick	13.9381,14.1881	13.9448,14.0698	2.52,2.64
poly brick	14.9381,15.1881	13.9448,14.0698	2.52,2.64
poly brick	15.1881,15.4381	13.9448,14.0698	2.52,2.64
poly brick	16.4381,16.6881	13.9448,14.0698	2.52,2.64
poly brick	15.4381,15.6881	13.9448,14.0698	2.52,2.64
poly brick	13.8131,13.9381	12.6948,12.9448	2.4,2.52
poly brick	13.8131,13.9381	12.9448,13.1948	2.4,2.52
poly brick	13.8131,13.9381	13.1948,13.4448	2.4,2.52
poly brick	13.8131,13.9381	13.4448,13.6948	2.4,2.52
poly brick	13.8131,13.9381	13.6948,13.9448	2.4,2.52
poly brick	13.8131,13.9381	11.9448,12.1948	2.4,2.52
poly brick	13.8131,13.9381	12.1948,12.4448	2.4,2.52
poly brick	13.8131,13.9381	12.4448,12.6948	2.4,2.52
poly brick	13.8131,13.9381	12.8198,13.0698	2.52,2.64
poly brick	13.8131,13.9381	13.0698,13.3198	2.52,2.64
poly brick	13.8131,13.9381	13.3198,13.5698	2.52,2.64
poly brick	13.8131,13.9381	13.5698,13.8198	2.52,2.64
poly brick	13.8131,13.9381	13.8198,14.0698	2.52,2.64
poly brick	13.8131,13.9381	12.0698,12.3198	2.52,2.64
poly brick	13.8131,13.9381	12.3198,12.5698	2.52,2.64
poly brick	13.8131,13.9381	12.5698,12.8198	2.52,2.64
poly brick	13.9381,14.1881	11.9448,12.0698	2.64,2.76
poly brick	14.9381,15.1881	11.9448,12.0698	2.64,2.76
poly brick	15.1881,15.4381	11.9448,12.0698	2.64,2.76
poly brick	14.1881,14.4381	11.9448,12.0698	2.64,2.76
poly brick	16.4381,16.6881	11.9448,12.0698	2.64,2.76
poly brick	15.4381,15.6881	11.9448,12.0698	2.64,2.76
poly brick	14.0631,14.3131	13.9448,14.0698	2.64,2.76
poly brick	15.0631,15.3131	13.9448,14.0698	2.64,2.76
poly brick	16.3131,16.5631	13.9448,14.0698	2.64,2.76
poly brick	15.3131,15.5631	13.9448,14.0698	2.64,2.76
poly brick	16.5631,16.8131	13.9448,14.0698	2.64,2.76
poly brick	15.5631,15.8131	13.9448,14.0698	2.64,2.76
poly brick	16.6881,16.8131	11.9448,12.1948	2.64,2.76
poly brick	16.6881,16.8131	12.1948,12.4448	2.64,2.76
poly brick	16.6881,16.8131	12.4448,12.6948	2.64,2.76
poly brick	16.6881,16.8131	12.6948,12.9448	2.64,2.76
poly brick	16.6881,16.8131	12.9448,13.1948	2.64,2.76
poly brick	16.6881,16.8131	13.1948,13.4448	2.64,2.76
poly brick	16.6881,16.8131	13.4448,13.6948	2.64,2.76
poly brick	16.6881,16.8131	13.6948,13.9448	2.64,2.76
poly brick	16.6881,16.8131	12.0698,12.3198	2.76,2.88
poly brick	16.6881,16.8131	12.3198,12.5698	2.76,2.88
poly brick	16.6881,16.8131	12.5698,12.8198	2.76,2.88
poly brick	16.6881,16.8131	12.8198,13.0698	2.76,2.88
poly brick	16.6881,16.8131	13.0698,13.3198	2.76,2.88
poly brick	16.6881,16.8131	13.3198,13.5698	2.76,2.88
poly brick	16.6881,16.8131	13.5698,13.8198	2.76,2.88
poly brick	16.6881,16.8131	13.8198,14.0698	2.76,2.88
poly brick	14.0631,14.3131	11.9448,12.0698	2.76,2.88
poly brick	15.0631,15.3131	11.9448,12.0698	2.76,2.88
poly brick	15.3131,15.5631	11.9448,12.0698	2.76,2.88
poly brick	16.5631,16.8131	11.9448,12.0698	2.76,2.88
poly brick	13.9381,14.1881	13.9448,14.0698	2.76,2.88
poly brick	15.1881,15.4381	13.9448,14.0698	2.76,2.88
poly brick	16.4381,16.6881	13.9448,14.0698	2.76,2.88
poly brick	15.4381,15.6881	13.9448,14.0698	2.76,2.88
poly brick	13.8131,13.9381	12.6948,12.9448	2.64,2.76
poly brick	13.8131,13.9381	12.9448,13.1948	2.64,2.76
poly brick	13.8131,13.9381	13.1948,13.4448	2.64,2.76
poly brick	13.8131,13.9381	13.4448,13.6948	2.64,2.76
poly brick	13.8131,13.9381	13.6948,13.9448	2.64,2.76
poly brick	13.8131,13.9381	11.9448,12.1948	2.64,2.76
poly brick	13.8131,13.9381	12.1948,12.4448	2.64,2.76
poly brick	13.8131,13.9381	12.4448,12.6948	2.64,2.76
poly brick	13.8131,13.9381	12.8198,13.0698	2.76,2.88
poly brick	13.8131,13.9381	13.0698,13.3198	2.76,2.88
poly brick	13.8131,13.9381	13.3198,13.5698	2.76,2.88
poly brick	13.8131,13.9381	13.5698,13.8198	2.76,2.88
poly brick	13.8131,13.9381	13.8198,14.0698	2.76,2.88
poly brick	13.8131,13.9381	12.0698,12.3198	2.76,2.88
poly brick	13.8131,13.9381	12.3198,12.5698	2.76,2.88
poly brick	13.8131,13.9381	12.5698,12.8198	2.76,2.88
poly brick	13.9381,14.1881	11.9448,12.0698	2.88,3.0
poly brick	14.6881,14.9381	11.9448,12.0698	2.88,3.0
poly brick	14.9381,15.1881	11.9448,12.0698	2.88,3.0
poly brick	14.4381,14.6881	11.9448,12.0698	2.88,3.0
poly brick	15.1881,15.4381	11.9448,12.0698	2.88,3.0
poly brick	14.1881,14.4381	11.9448,12.0698	2.88,3.0
poly brick	16.4381,16.6881	11.9448,12.0698	2.88,3.0
poly brick	15.4381,15.6881	11.9448,12.0698	2.88,3.0
poly brick	15.0631,15.3131	13.9448,14.0698	2.88,3.0
poly brick	15.3131,15.5631	13.9448,14.0698	2.88,3.0
poly brick	16.5631,16.8131	13.9448,14.0698	2.88,3.0
poly brick	16.6881,16.8131	11.9448,12.1948	2.88,3.0
poly brick	16.6881,16.8131	12.1948,12.4448	2.88,3.0
poly brick	16.6881,16.8131	12.4448,12.6948	2.88,3.0
poly brick	16.6881,16.8131	12.6948,12.9448	2.88,3.0
poly brick	16.6881,16.8131	12.9448,13.1948	2.88,3.0
poly brick	16.6881,16.8131	13.1948,13.4448	2.88,3.0
poly brick	16.6881,16.8131	13.4448,13.6948	2.88,3.0
poly brick	16.6881,16.8131	13.6948,13.9448	2.88,3.0
poly brick	16.6881,16.8131	12.0698,12.3198	3.0,3.12
poly brick	16.6881,16.8131	12.3198,12.5698	3.0,3.12
poly brick	16.6881,16.8131	12.5698,12.8198	3.0,3.12
poly brick	16.6881,16.8131	12.8198,13.0698	3.0,3.12
poly brick	16.6881,16.8131	13.0698,13.3198	3.0,3.12
poly brick	16.6881,16.8131	13.3198,13.5698	3.0,3.12
poly brick	16.6881,16.8131	13.5698,13.8198	3.0,3.12
poly brick	16.6881,16.8131	13.8198,14.0698	3.0,3.12
poly brick	14.0631,14.3131	11.9448,12.0698	3.0,3.12
poly brick	14.8131,15.0631	11.9448,12.0698	3.0,3.12
poly brick	15.0631,15.3131	11.9448,12.0698	3.0,3.12
poly brick	14.5631,14.8131	11.9448,12.0698	3.0,3.12
poly brick	15.8131,16.0631	11.9448,12.0698	3.0,3.12
poly brick	16.3131,16.5631	11.9448,12.0698	3.0,3.12
poly brick	16.0631,16.3131	11.9448,12.0698	3.0,3.12
poly brick	15.3131,15.5631	11.9448,12.0698	3.0,3.12
poly brick	14.3131,14.5631	11.9448,12.0698	3.0,3.12
poly brick	16.5631,16.8131	11.9448,12.0698	3.0,3.12
poly brick	15.5631,15.8131	11.9448,12.0698	3.0,3.12
poly brick	13.9381,14.1881	13.9448,14.0698	3.0,3.12
poly brick	14.6881,14.9381	13.9448,14.0698	3.0,3.12
poly brick	14.9381,15.1881	13.9448,14.0698	3.0,3.12
poly brick	14.4381,14.6881	13.9448,14.0698	3.0,3.12
poly brick	15.6881,15.9381	13.9448,14.0698	3.0,3.12
poly brick	16.1881,16.4381	13.9448,14.0698	3.0,3.12
poly brick	15.9381,16.1881	13.9448,14.0698	3.0,3.12
poly brick	15.1881,15.4381	13.9448,14.0698	3.0,3.12
poly brick	14.1881,14.4381	13.9448,14.0698	3.0,3.12
poly brick	16.4381,16.6881	13.9448,14.0698	3.0,3.12
poly brick	15.4381,15.6881	13.9448,14.0698	3.0,3.12
poly brick	13.8131,13.9381	12.6948,12.9448	2.88,3.0
poly brick	13.8131,13.9381	12.9448,13.1948	2.88,3.0
poly brick	13.8131,13.9381	13.1948,13.4448	2.88,3.0
poly brick	13.8131,13.9381	13.4448,13.6948	2.88,3.0
poly brick	13.8131,13.9381	13.6948,13.9448	2.88,3.0
poly brick	13.8131,13.9381	11.9448,12.1948	2.88,3.0
poly brick	13.8131,13.9381	12.1948,12.4448	2.88,3.0
poly brick	13.8131,13.9381	12.4448,12.6948	2.88,3.0
poly brick	13.8131,13.9381	12.8198,13.0698	3.0,3.12
poly brick	13.8131,13.9381	13.0698,13.3198	3.0,3.12
poly brick	13.8131,13.9381	13.3198,13.5698	3.0,3.12
poly brick	13.8131,13.9381	13.5698,13.8198	3.0,3.12
poly brick	13.8131,13.9381	13.8198,14.0698	3.0,3.12
poly brick	13.8131,13.9381	12.0698,12.3198	3.0,3.12
poly brick	13.8131,13.9381	12.3198,12.5698	3.0,3.12
poly brick	13.8131,13.9381	12.5698,12.8198	3.0,3.12
poly brick	13.9381,14.1881	11.9448,12.0698	3.12,3.24
poly brick	14.6881,14.9381	11.9448,12.0698	3.12,3.24
poly brick	14.9381,15.1881	11.9448,12.0698	3.12,3.24
poly brick	14.4381,14.6881	11.9448,12.0698	3.12,3.24
poly brick	15.6881,15.9381	11.9448,12.0698	3.12,3.24
poly brick	16.1881,16.4381	11.9448,12.0698	3.12,3.24
poly brick	15.9381,16.1881	11.9448,12.0698	3.12,3.24
poly brick	15.1881,15.4381	11.9448,12.0698	3.12,3.24
poly brick	14.1881,14.4381	11.9448,12.0698	3.12,3.24
poly brick	16.4381,16.6881	11.9448,12.0698	3.12,3.24
poly brick	15.4381,15.6881	11.9448,12.0698	3.12,3.24
poly brick	14.0631,14.3131	13.9448,14.0698	3.12,3.24
poly brick	14.8131,15.0631	13.9448,14.0698	3.12,3.24
poly brick	15.0631,15.3131	13.9448,14.0698	3.12,3.24
poly brick	14.5631,14.8131	13.9448,14.0698	3.12,3.24
poly brick	15.8131,16.0631	13.9448,14.0698	3.12,3.24
poly brick	16.3131,16.5631	13.9448,14.0698	3.12,3.24
poly brick	16.0631,16.3131	13.9448,14.0698	3.12,3.24
poly brick	15.3131,15.5631	13.9448,14.0698	3.12,3.24
poly brick	14.3131,14.5631	13.9448,14.0698	3.12,3.24
poly brick	16.5631,16.8131	13.9448,14.0698	3.12,3.24
poly brick	15.5631,15.8131	13.9448,14.0698	3.12,3.24
poly brick	16.6881,16.8131	11.9448,12.1948	3.12,3.24
poly brick	16.6881,16.8131	12.1948,12.4448	3.12,3.24
poly brick	16.6881,16.8131	12.4448,12.6948	3.12,3.24
poly brick	16.6881,16.8131	12.6948,12.9448	3.12,3.24
poly brick	16.6881,16.8131	12.9448,13.1948	3.12,3.24
poly brick	16.6881,16.8131	13.1948,13.4448	3.12,3.24
poly brick	16.6881,16.8131	13.4448,13.6948	3.12,3.24
poly brick	16.6881,16.8131	13.6948,13.9448	3.12,3.24
poly brick	16.6881,16.8131	12.0698,12.3198	3.24,3.36
poly brick	16.6881,16.8131	12.3198,12.5698	3.24,3.36
poly brick	16.6881,16.8131	12.5698,12.8198	3.24,3.36
poly brick	16.6881,16.8131	12.8198,13.0698	3.24,3.36
poly brick	16.6881,16.8131	13.0698,13.3198	3.24,3.36
poly brick	16.6881,16.8131	13.3198,13.5698	3.24,3.36
poly brick	16.6881,16.8131	13.5698,13.8198	3.24,3.36
poly brick	16.6881,16.8131	13.8198,14.0698	3.24,3.36
poly brick	14.0631,14.3131	11.9448,12.0698	3.24,3.36
poly brick	14.8131,15.0631	11.9448,12.0698	3.24,3.36
poly brick	15.0631,15.3131	11.9448,12.0698	3.24,3.36
poly brick	14.5631,14.8131	11.9448,12.0698	3.24,3.36
poly brick	15.8131,16.0631	11.9448,12.0698	3.24,3.36
poly brick	16.3131,16.5631	11.9448,12.0698	3.24,3.36
poly brick	16.0631,16.3131	11.9448,12.0698	3.24,3.36
poly brick	15.3131,15.5631	11.9448,12.0698	3.24,3.36
poly brick	14.3131,14.5631	11.9448,12.0698	3.24,3.36
poly brick	16.5631,16.8131	11.9448,12.0698	3.24,3.36
poly brick	15.5631,15.8131	11.9448,12.0698	3.24,3.36
poly brick	13.9381,14.1881	13.9448,14.0698	3.24,3.36
poly brick	14.6881,14.9381	13.9448,14.0698	3.24,3.36
poly brick	14.9381,15.1881	13.9448,14.0698	3.24,3.36
poly brick	14.4381,14.6881	13.9448,14.0698	3.24,3.36
poly brick	15.6881,15.9381	13.9448,14.0698	3.24,3.36
poly brick	16.1881,16.4381	13.9448,14.0698	3.24,3.36
poly brick	15.9381,16.1881	13.9448,14.0698	3.24,3.36
poly brick	15.1881,15.4381	13.9448,14.0698	3.24,3.36
poly brick	14.1881,14.4381	13.9448,14.0698	3.24,3.36
poly brick	16.4381,16.6881	13.9448,14.0698	3.24,3.36
poly brick	15.4381,15.6881	13.9448,14.0698	3.24,3.36
poly brick	13.8131,13.9381	12.6948,12.9448	3.12,3.24
poly brick	13.8131,13.9381	12.9448,13.1948	3.12,3.24
poly brick	13.8131,13.9381	13.1948,13.4448	3.12,3.24
poly brick	13.8131,13.9381	13.4448,13.6948	3.12,3.24
poly brick	13.8131,13.9381	13.6948,13.9448	3.12,3.24
poly brick	13.8131,13.9381	11.9448,12.1948	3.12,3.24
poly brick	13.8131,13.9381	12.1948,12.4448	3.12,3.24
poly brick	13.8131,13.9381	12.4448,12.6948	3.12,3.24
poly brick	13.8131,13.9381	12.8198,13.0698	3.24,3.36
poly brick	13.8131,13.9381	13.0698,13.3198	3.24,3.36
poly brick	13.8131,13.9381	13.3198,13.5698	3.24,3.36
poly brick	13.8131,13.9381	13.5698,13.8198	3.24,3.36
poly brick	13.8131,13.9381	13.8198,14.0698	3.24,3.36
poly brick	13.8131,13.9381	12.0698,12.3198	3.24,3.36
poly brick	13.8131,13.9381	12.3198,12.5698	3.24,3.36
poly brick	13.8131,13.9381	12.5698,12.8198	3.24,3.36
poly brick	14.3131,14.4381	11.9448,12.0698	2.28,2.4
poly brick	14.3131,14.4381	11.9448,12.0698	2.52,2.64
poly brick	14.9381,15.0631	11.9448,12.0698	2.52,2.64
poly brick	14.9381,15.0631	11.9448,12.0698	2.28,2.4
poly brick	14.3131,15.0631	11.9448,12.0698	2.76,2.88
poly brick	14.1881,14.4381	13.9448,14.0698	1.8,1.92
poly brick	14.1881,14.4381	13.9448,14.0698	2.04,2.16
poly brick	14.9381,15.0631	13.9448,14.0698	2.4,2.52
poly brick	14.9381,15.0631	13.9448,14.0698	2.64,2.76
poly brick	14.3131,14.4381	13.9448,14.0698	2.16,2.28
poly brick	14.3131,14.4381	13.9448,14.0698	2.4,2.52
poly brick	14.9381,15.0631	13.9448,14.0698	2.16,2.28
poly brick	14.1881,14.4381	13.9448,14.0698	2.52,2.64
poly brick	14.3131,14.4381	13.9448,14.0698	2.64,2.76
poly brick	14.0631,14.3131	13.9448,14.0698	2.88,3.0
poly brick	15.6881,15.8131	13.9448,14.0698	2.28,2.4
poly brick	15.6881,15.8131	13.9448,14.0698	2.52,2.64
poly brick	16.3131,16.4381	13.9448,14.0698	2.28,2.4
poly brick	16.3131,16.4381	13.9448,14.0698	2.52,2.64
poly brick	15.5631,15.8131	11.9448,12.0698	2.28,2.4
poly brick	15.6881,15.8131	11.9448,12.0698	2.4,2.52
poly brick	15.6881,15.8131	11.9448,12.0698	2.64,2.76
poly brick	16.3131,16.4381	11.9448,12.0698	2.4,2.52
poly brick	16.3131,16.4381	11.9448,12.0698	2.64,2.76
poly brick	16.1881,16.4381	11.9448,12.0698	2.88,3.0
poly brick	15.9381,16.1881	11.9448,12.0698	2.88,3.0
poly brick	15.6881,15.9381	11.9448,12.0698	2.88,3.0
poly brick	15.5631,16.5631	11.9448,12.0698	2.76,2.88
poly brick	15.6881,15.8131	11.9448,12.0698	2.16,2.28
poly brick	16.3131,16.4381	11.9448,12.0698	2.16,2.28
poly brick	15.6881,16.4381	13.9448,14.0698	2.76,2.88
poly brick	15.8131,16.0631	13.9448,14.0698	2.88,3.0
poly brick	16.3131,16.5631	13.9448,14.0698	2.88,3.0
poly brick	16.0631,16.3131	13.9448,14.0698	2.88,3.0
poly brick	15.5631,15.8131	13.9448,14.0698	2.88,3.0
poly brick	14.1881,15.1881	13.9448,14.0698	2.76,2.88
poly brick	14.8131,15.0631	13.9448,14.0698	2.88,3.0
poly brick	14.5631,14.8131	13.9448,14.0698	2.88,3.0
poly brick	14.3131,14.5631	13.9448,14.0698	2.88,3.0
poly brick	13.8131,14.0631	13.9448,14.0698	1.68,1.8
poly brick	13.8131,14.0631	13.9448,14.0698	1.92,2.04
poly brick	13.8131,14.0631	13.9448,14.0698	2.16,2.28
poly brick	13.8131,14.0631	13.9448,14.0698	2.4,2.52
poly brick	13.8131,14.0631	13.9448,14.0698	2.64,2.76
poly brick	13.8131,14.0631	13.9448,14.0698	2.88,3.0
poly brick	13.8131,14.0631	13.9448,14.0698	3.12,3.24
poly brick	13.8131,14.0631	11.9448,12.0698	1.8,1.92
poly brick	13.8131,14.0631	11.9448,12.0698	2.04,2.16
poly brick	13.8131,14.0631	11.9448,12.0698	2.28,2.4
poly brick	13.8131,14.0631	11.9448,12.0698	2.52,2.64
poly brick	13.8131,14.0631	11.9448,12.0698	2.76,2.88
poly brick	13.8131,14.0631	11.9448,12.0698	3.0,3.12
poly brick	13.8131,14.0631	11.9448,12.0698	3.24,3.36
poly brick	14.3131,14.5631	11.9448,12.0698	2.04,2.16
poly brick	14.5631,14.8131	11.9448,12.0698	2.04,2.16
poly brick	14.8131,15.0631	11.9448,12.0698	2.04,2.16
poly brick	14.6881,14.9381	11.9448,12.0698	1.68,1.8
poly brick	14.4381,14.6881	11.9448,12.0698	1.68,1.8
poly brick	14.8131,15.0631	11.9448,12.0698	1.8,1.92
poly brick	14.5631,14.8131	11.9448,12.0698	1.8,1.92
poly brick	14.3131,14.5631	11.9448,12.0698	1.8,1.92
poly brick	14.6881,14.9381	11.9448,12.0698	1.92,2.04
poly brick	14.4381,14.6881	11.9448,12.0698	1.92,2.04
poly brick	14.6881,14.9381	13.9448,14.0698	1.8,1.92
poly brick	14.4381,14.6881	13.9448,14.0698	1.8,1.92
poly brick	14.8131,15.0631	13.9448,14.0698	1.92,2.04
poly brick	14.5631,14.8131	13.9448,14.0698	1.92,2.04
poly brick	14.3131,14.5631	13.9448,14.0698	1.92,2.04
poly brick	14.8131,15.0631	13.9448,14.0698	1.68,1.8
poly brick	14.5631,14.8131	13.9448,14.0698	1.68,1.8
poly brick	14.3131,14.5631	13.9448,14.0698	1.68,1.8
poly brick	14.4381,14.6881	13.9448,14.0698	2.04,2.16
poly brick	14.6881,14.9381	13.9448,14.0698	2.04,2.16
plot create plot Blocks
plot block