new
poly brick	16.665,16.79	12.735,12.985	2.95,3.05
poly brick	16.165,16.29	12.735,12.985	2.95,3.05
poly brick	17.665,17.79	12.735,12.985	2.95,3.05
poly brick	17.165,17.29	12.735,12.985	2.95,3.05
poly brick	15.8525,15.9775	12.735,12.985	2.85,2.95
poly brick	15.7275,15.8525	12.735,12.985	2.85,2.95
poly brick	16.9775,17.1025	12.735,12.985	2.85,2.95
poly brick	16.8525,16.9775	12.735,12.985	2.85,2.95
poly brick	16.7275,16.8525	12.735,12.985	2.85,2.95
poly brick	16.6025,16.7275	12.735,12.985	2.85,2.95
poly brick	16.4775,16.6025	12.735,12.985	2.85,2.95
poly brick	16.3525,16.4775	12.735,12.985	2.85,2.95
poly brick	16.2275,16.3525	12.735,12.985	2.85,2.95
poly brick	16.1025,16.2275	12.735,12.985	2.85,2.95
poly brick	15.9775,16.1025	12.735,12.985	2.85,2.95
poly brick	17.7275,17.8525	12.735,12.985	2.85,2.95
poly brick	17.6025,17.7275	12.735,12.985	2.85,2.95
poly brick	17.4775,17.6025	12.735,12.985	2.85,2.95
poly brick	17.3525,17.4775	12.735,12.985	2.85,2.95
poly brick	17.2275,17.3525	12.735,12.985	2.85,2.95
poly brick	17.1025,17.2275	12.735,12.985	2.85,2.95
poly brick	15.7275,15.79	12.735,12.985	2.75,2.85
poly brick	15.79,15.915	12.735,12.985	2.75,2.85
poly brick	16.915,17.04	12.735,12.985	2.75,2.85
poly brick	16.79,16.915	12.735,12.985	2.75,2.85
poly brick	16.665,16.79	12.735,12.985	2.75,2.85
poly brick	16.54,16.665	12.735,12.985	2.75,2.85
poly brick	16.415,16.54	12.735,12.985	2.75,2.85
poly brick	16.29,16.415	12.735,12.985	2.75,2.85
poly brick	16.165,16.29	12.735,12.985	2.75,2.85
poly brick	16.04,16.165	12.735,12.985	2.75,2.85
poly brick	15.915,16.04	12.735,12.985	2.75,2.85
poly brick	17.79,17.915	12.735,12.985	2.75,2.85
poly brick	17.665,17.79	12.735,12.985	2.75,2.85
poly brick	17.54,17.665	12.735,12.985	2.75,2.85
poly brick	17.415,17.54	12.735,12.985	2.75,2.85
poly brick	17.29,17.415	12.735,12.985	2.75,2.85
poly brick	17.165,17.29	12.735,12.985	2.75,2.85
poly brick	17.04,17.165	12.735,12.985	2.75,2.85
poly brick	15.8525,15.9775	12.735,12.985	2.65,2.75
poly brick	15.7275,15.8525	12.735,12.985	2.65,2.75
poly brick	16.9775,17.1025	12.735,12.985	2.65,2.75
poly brick	16.8525,16.9775	12.735,12.985	2.65,2.75
poly brick	16.7275,16.8525	12.735,12.985	2.65,2.75
poly brick	16.6025,16.7275	12.735,12.985	2.65,2.75
poly brick	16.4775,16.6025	12.735,12.985	2.65,2.75
poly brick	16.3525,16.4775	12.735,12.985	2.65,2.75
poly brick	16.2275,16.3525	12.735,12.985	2.65,2.75
poly brick	16.1025,16.2275	12.735,12.985	2.65,2.75
poly brick	15.9775,16.1025	12.735,12.985	2.65,2.75
poly brick	17.7275,17.8525	12.735,12.985	2.65,2.75
poly brick	17.6025,17.7275	12.735,12.985	2.65,2.75
poly brick	17.4775,17.6025	12.735,12.985	2.65,2.75
poly brick	17.3525,17.4775	12.735,12.985	2.65,2.75
poly brick	17.2275,17.3525	12.735,12.985	2.65,2.75
poly brick	17.1025,17.2275	12.735,12.985	2.65,2.75
poly brick	15.7275,15.79	12.735,12.985	2.55,2.65
poly brick	15.79,15.915	12.735,12.985	2.55,2.65
poly brick	16.915,17.04	12.735,12.985	2.55,2.65
poly brick	16.79,16.915	12.735,12.985	2.55,2.65
poly brick	16.665,16.79	12.735,12.985	2.55,2.65
poly brick	16.54,16.665	12.735,12.985	2.55,2.65
poly brick	16.415,16.54	12.735,12.985	2.55,2.65
poly brick	16.29,16.415	12.735,12.985	2.55,2.65
poly brick	16.165,16.29	12.735,12.985	2.55,2.65
poly brick	16.04,16.165	12.735,12.985	2.55,2.65
poly brick	15.915,16.04	12.735,12.985	2.55,2.65
poly brick	17.79,17.915	12.735,12.985	2.55,2.65
poly brick	17.665,17.79	12.735,12.985	2.55,2.65
poly brick	17.54,17.665	12.735,12.985	2.55,2.65
poly brick	17.415,17.54	12.735,12.985	2.55,2.65
poly brick	17.29,17.415	12.735,12.985	2.55,2.65
poly brick	17.165,17.29	12.735,12.985	2.55,2.65
poly brick	17.04,17.165	12.735,12.985	2.55,2.65
poly brick	15.8525,15.9775	12.735,12.985	2.45,2.55
poly brick	15.7275,15.8525	12.735,12.985	2.45,2.55
poly brick	16.9775,17.1025	12.735,12.985	2.45,2.55
poly brick	16.8525,16.9775	12.735,12.985	2.45,2.55
poly brick	16.7275,16.8525	12.735,12.985	2.45,2.55
poly brick	16.6025,16.7275	12.735,12.985	2.45,2.55
poly brick	16.4775,16.6025	12.735,12.985	2.45,2.55
poly brick	16.3525,16.4775	12.735,12.985	2.45,2.55
poly brick	16.2275,16.3525	12.735,12.985	2.45,2.55
poly brick	16.1025,16.2275	12.735,12.985	2.45,2.55
poly brick	15.9775,16.1025	12.735,12.985	2.45,2.55
poly brick	17.7275,17.8525	12.735,12.985	2.45,2.55
poly brick	17.6025,17.7275	12.735,12.985	2.45,2.55
poly brick	17.4775,17.6025	12.735,12.985	2.45,2.55
poly brick	17.3525,17.4775	12.735,12.985	2.45,2.55
poly brick	17.2275,17.3525	12.735,12.985	2.45,2.55
poly brick	17.1025,17.2275	12.735,12.985	2.45,2.55
poly brick	15.7275,15.79	12.735,12.985	2.2,2.25
poly brick	15.79,15.915	12.735,12.985	2.2,2.25
poly brick	15.915,16.04	12.735,12.985	2.2,2.25
poly brick	16.04,16.165	12.735,12.985	2.2,2.25
poly brick	16.165,16.29	12.735,12.985	2.2,2.25
poly brick	16.29,16.415	12.735,12.985	2.2,2.25
poly brick	16.415,16.54	12.735,12.985	2.2,2.25
poly brick	16.54,16.665	12.735,12.985	2.2,2.25
poly brick	16.665,16.79	12.735,12.985	2.2,2.25
poly brick	16.79,16.915	12.735,12.985	2.2,2.25
poly brick	16.915,17.04	12.735,12.985	2.2,2.25
poly brick	17.04,17.165	12.735,12.985	2.2,2.25
poly brick	17.165,17.29	12.735,12.985	2.2,2.25
poly brick	17.29,17.415	12.735,12.985	2.2,2.25
poly brick	17.415,17.54	12.735,12.985	2.2,2.25
poly brick	17.54,17.665	12.735,12.985	2.2,2.25
poly brick	17.665,17.79	12.735,12.985	2.2,2.25
poly brick	17.79,17.915	12.735,12.985	2.2,2.25
poly brick	15.7275,15.79	12.735,12.985	2.35,2.45
poly brick	15.79,15.915	12.735,12.985	2.35,2.45
poly brick	16.915,17.04	12.735,12.985	2.35,2.45
poly brick	16.79,16.915	12.735,12.985	2.35,2.45
poly brick	16.665,16.79	12.735,12.985	2.35,2.45
poly brick	16.54,16.665	12.735,12.985	2.35,2.45
poly brick	16.415,16.54	12.735,12.985	2.35,2.45
poly brick	16.29,16.415	12.735,12.985	2.35,2.45
poly brick	16.165,16.29	12.735,12.985	2.35,2.45
poly brick	16.04,16.165	12.735,12.985	2.35,2.45
poly brick	15.915,16.04	12.735,12.985	2.35,2.45
poly brick	17.79,17.915	12.735,12.985	2.35,2.45
poly brick	17.665,17.79	12.735,12.985	2.35,2.45
poly brick	17.54,17.665	12.735,12.985	2.35,2.45
poly brick	17.415,17.54	12.735,12.985	2.35,2.45
poly brick	17.29,17.415	12.735,12.985	2.35,2.45
poly brick	17.165,17.29	12.735,12.985	2.35,2.45
poly brick	17.04,17.165	12.735,12.985	2.35,2.45
poly brick	15.8525,15.9775	12.735,12.985	2.25,2.35
poly brick	15.7275,15.8525	12.735,12.985	2.25,2.35
poly brick	16.9775,17.1025	12.735,12.985	2.25,2.35
poly brick	16.8525,16.9775	12.735,12.985	2.25,2.35
poly brick	16.7275,16.8525	12.735,12.985	2.25,2.35
poly brick	16.6025,16.7275	12.735,12.985	2.25,2.35
poly brick	16.4775,16.6025	12.735,12.985	2.25,2.35
poly brick	16.3525,16.4775	12.735,12.985	2.25,2.35
poly brick	16.2275,16.3525	12.735,12.985	2.25,2.35
poly brick	16.1025,16.2275	12.735,12.985	2.25,2.35
poly brick	15.9775,16.1025	12.735,12.985	2.25,2.35
poly brick	17.7275,17.8525	12.735,12.985	2.25,2.35
poly brick	17.6025,17.7275	12.735,12.985	2.25,2.35
poly brick	17.4775,17.6025	12.735,12.985	2.25,2.35
poly brick	17.3525,17.4775	12.735,12.985	2.25,2.35
poly brick	17.2275,17.3525	12.735,12.985	2.25,2.35
poly brick	17.1025,17.2275	12.735,12.985	2.25,2.35
poly brick	15.7275,15.9775	12.51,12.735	2.85,2.95
poly brick	15.7275,15.9775	12.385,12.51	2.85,2.95
poly brick	15.7275,15.9775	12.26,12.385	2.85,2.95
poly brick	15.7275,15.9775	12.56,12.735	2.75,2.85
poly brick	15.7275,16.0775	12.56,12.635	1.2,1.3
poly brick	15.7275,15.9775	12.485,12.635	2.65,2.75
poly brick	15.7275,15.9775	12.635,12.735	2.65,2.75
poly brick	15.7275,15.9775	12.485,12.735	2.55,2.65
poly brick	15.7275,15.9775	12.485,12.635	2.45,2.55
poly brick	15.7275,15.9775	12.635,12.735	2.45,2.55
poly brick	15.7275,15.9775	12.485,12.735	2.35,2.45
poly brick	15.7275,15.9775	12.485,12.635	2.25,2.35
poly brick	15.7275,15.9775	12.635,12.735	2.25,2.35
poly brick	15.7275,15.9775	12.5799,12.735	2.0,2.05
poly brick	15.7275,15.9775	12.485,12.735	2.15,2.25
poly brick	15.7275,15.9775	12.485,12.635	2.05,2.15
poly brick	15.7275,15.9775	12.635,12.735	2.05,2.15
poly brick	15.7275,15.9775	12.5725,12.735	1.8,1.9
poly brick	15.7275,15.9775	12.5725,12.735	1.6,1.7
poly brick	15.7275,16.0275	12.735,12.81	1.5,1.6
poly brick	17.7775,17.9275	12.735,12.985	2.1,2.2
poly brick	15.7275,16.0275	12.735,12.9225	2.1,2.2
poly brick	17.6525,17.7775	12.735,12.985	2.1,2.2
poly brick	17.5275,17.6525	12.735,12.985	2.1,2.2
poly brick	17.4025,17.5275	12.735,12.985	2.1,2.2
poly brick	17.2775,17.4025	12.735,12.985	2.1,2.2
poly brick	17.1525,17.2775	12.735,12.985	2.1,2.2
poly brick	17.0275,17.1525	12.735,12.985	2.1,2.2
poly brick	16.9025,17.0275	12.735,12.985	2.1,2.2
poly brick	16.7775,16.9025	12.735,12.985	2.1,2.2
poly brick	16.6525,16.7775	12.735,12.985	2.1,2.2
poly brick	16.5275,16.6525	12.735,12.985	2.1,2.2
poly brick	16.4025,16.5275	12.735,12.985	2.1,2.2
poly brick	16.2775,16.4025	12.735,12.985	2.1,2.2
poly brick	16.1525,16.2775	12.735,12.985	2.1,2.2
poly brick	16.0275,16.1525	12.735,12.985	2.1,2.2
poly brick	17.7275,17.8525	12.735,12.985	2.0,2.1
poly brick	17.6025,17.7275	12.735,12.985	2.0,2.1
poly brick	17.4775,17.6025	12.735,12.985	2.0,2.1
poly brick	17.3525,17.4775	12.735,12.985	2.0,2.1
poly brick	17.2275,17.3525	12.735,12.985	2.0,2.1
poly brick	17.1025,17.2275	12.735,12.985	2.0,2.1
poly brick	16.9775,17.1025	12.735,12.985	2.0,2.1
poly brick	16.8525,16.9775	12.735,12.985	2.0,2.1
poly brick	16.7275,16.8525	12.735,12.985	2.0,2.1
poly brick	16.6025,16.7275	12.735,12.985	2.0,2.1
poly brick	16.4775,16.6025	12.735,12.985	2.0,2.1
poly brick	16.3525,16.4775	12.735,12.985	2.0,2.1
poly brick	16.2275,16.3525	12.735,12.985	2.0,2.1
poly brick	16.1025,16.2275	12.735,12.985	2.0,2.1
poly brick	15.9775,16.1025	12.735,12.985	2.0,2.1
poly brick	15.8525,15.9775	12.735,12.985	2.0,2.1
poly brick	15.7275,15.8525	12.735,12.985	2.0,2.1
poly brick	15.7275,16.0275	13.26,13.385	2.0,2.1
poly brick	15.7275,16.0275	13.635,13.76	2.0,2.1
poly brick	15.7275,16.0275	13.76,13.885	2.0,2.1
poly brick	15.7275,16.0275	14.135,14.26	2.0,2.1
poly brick	15.7275,16.0275	14.26,14.385	2.0,2.1
poly brick	15.7275,16.0275	14.635,14.76	2.0,2.1
poly brick	15.7275,16.0275	14.76,14.885	2.0,2.1
poly brick	15.7275,16.0275	14.7975,14.9225	1.9,2.0
poly brick	15.7275,16.0275	14.6725,14.7975	1.9,2.0
poly brick	15.7275,16.0275	14.5475,14.6725	1.9,2.0
poly brick	15.7275,16.0275	14.4225,14.5475	1.9,2.0
poly brick	15.7275,16.0275	14.2975,14.4225	1.9,2.0
poly brick	15.7275,16.0275	14.1725,14.2975	1.9,2.0
poly brick	15.7275,16.0275	14.0475,14.1725	1.9,2.0
poly brick	15.7275,16.0275	13.9225,14.0475	1.9,2.0
poly brick	15.7275,16.0275	13.7975,13.9225	1.9,2.0
poly brick	15.7275,16.0275	13.6725,13.7975	1.9,2.0
poly brick	15.7275,16.0275	13.5475,13.6725	1.9,2.0
poly brick	15.7275,16.0275	13.4225,13.5475	1.9,2.0
poly brick	15.7275,16.0275	13.2975,13.4225	1.9,2.0
poly brick	15.7275,16.0275	13.1725,13.2975	1.9,2.0
poly brick	17.7775,17.9275	12.735,12.985	1.9,2.0
poly brick	15.7275,16.0275	12.735,12.9225	1.9,2.0
poly brick	17.6525,17.7775	12.735,12.985	1.9,2.0
poly brick	17.5275,17.6525	12.735,12.985	1.9,2.0
poly brick	17.4025,17.5275	12.735,12.985	1.9,2.0
poly brick	17.2775,17.4025	12.735,12.985	1.9,2.0
poly brick	17.1525,17.2775	12.735,12.985	1.9,2.0
poly brick	17.0275,17.1525	12.735,12.985	1.9,2.0
poly brick	16.9025,17.0275	12.735,12.985	1.9,2.0
poly brick	16.7775,16.9025	12.735,12.985	1.9,2.0
poly brick	16.6525,16.7775	12.735,12.985	1.9,2.0
poly brick	16.5275,16.6525	12.735,12.985	1.9,2.0
poly brick	16.4025,16.5275	12.735,12.985	1.9,2.0
poly brick	16.2775,16.4025	12.735,12.985	1.9,2.0
poly brick	16.1525,16.2775	12.735,12.985	1.9,2.0
poly brick	16.0275,16.1525	12.735,12.985	1.9,2.0
poly brick	15.7275,16.0275	12.9225,13.0475	1.9,2.0
poly brick	15.7275,16.0275	13.0475,13.1725	1.9,2.0
poly brick	17.7275,17.8525	12.735,12.985	1.8,1.9
poly brick	17.6025,17.7275	12.735,12.985	1.8,1.9
poly brick	17.4775,17.6025	12.735,12.985	1.8,1.9
poly brick	17.3525,17.4775	12.735,12.985	1.8,1.9
poly brick	17.2275,17.3525	12.735,12.985	1.8,1.9
poly brick	17.1025,17.2275	12.735,12.985	1.8,1.9
poly brick	16.9775,17.1025	12.735,12.985	1.8,1.9
poly brick	16.8525,16.9775	12.735,12.985	1.8,1.9
poly brick	16.7275,16.8525	12.735,12.985	1.8,1.9
poly brick	16.6025,16.7275	12.735,12.985	1.8,1.9
poly brick	16.4775,16.6025	12.735,12.985	1.8,1.9
poly brick	16.3525,16.4775	12.735,12.985	1.8,1.9
poly brick	16.2275,16.3525	12.735,12.985	1.8,1.9
poly brick	16.1025,16.2275	12.735,12.985	1.8,1.9
poly brick	15.9775,16.1025	12.735,12.985	1.8,1.9
poly brick	15.8525,15.9775	12.735,12.985	1.8,1.9
poly brick	15.7275,15.8525	12.735,12.985	1.8,1.9
poly brick	15.7275,16.0275	12.985,13.135	1.8,1.9
poly brick	15.7275,16.0275	13.135,13.26	1.8,1.9
poly brick	15.7275,16.0275	13.26,13.385	1.8,1.9
poly brick	15.7275,16.0275	13.385,13.51	1.8,1.9
poly brick	15.7275,16.0275	13.51,13.635	1.8,1.9
poly brick	15.7275,16.0275	13.635,13.76	1.8,1.9
poly brick	15.7275,16.0275	13.76,13.885	1.8,1.9
poly brick	15.7275,16.0275	13.885,14.01	1.8,1.9
poly brick	15.7275,16.0275	14.01,14.135	1.8,1.9
poly brick	15.7275,16.0275	14.135,14.26	1.8,1.9
poly brick	15.7275,16.0275	14.26,14.385	1.8,1.9
poly brick	15.7275,16.0275	14.385,14.51	1.8,1.9
poly brick	15.7275,16.0275	14.51,14.635	1.8,1.9
poly brick	15.7275,16.0275	14.635,14.76	1.8,1.9
poly brick	15.7275,16.0275	14.76,14.885	1.8,1.9
poly brick	15.7275,16.0275	14.7975,14.9225	1.7,1.8
poly brick	15.7275,16.0275	14.6725,14.7975	1.7,1.8
poly brick	15.7275,16.0275	14.5475,14.6725	1.7,1.8
poly brick	15.7275,16.0275	14.4225,14.5475	1.7,1.8
poly brick	15.7275,16.0275	14.2975,14.4225	1.7,1.8
poly brick	15.7275,16.0275	14.1725,14.2975	1.7,1.8
poly brick	15.7275,16.0275	14.0475,14.1725	1.7,1.8
poly brick	15.7275,16.0275	13.9225,14.0475	1.7,1.8
poly brick	15.7275,16.0275	13.7975,13.9225	1.7,1.8
poly brick	15.7275,16.0275	13.6725,13.7975	1.7,1.8
poly brick	15.7275,16.0275	13.5475,13.6725	1.7,1.8
poly brick	15.7275,16.0275	13.4225,13.5475	1.7,1.8
poly brick	15.7275,16.0275	13.2975,13.4225	1.7,1.8
poly brick	15.7275,16.0275	13.1725,13.2975	1.7,1.8
poly brick	17.7775,17.9275	12.735,12.985	1.7,1.8
poly brick	15.7275,16.0275	12.735,12.9225	1.7,1.8
poly brick	17.6525,17.7775	12.735,12.985	1.7,1.8
poly brick	17.5275,17.6525	12.735,12.985	1.7,1.8
poly brick	17.4025,17.5275	12.735,12.985	1.7,1.8
poly brick	17.2775,17.4025	12.735,12.985	1.7,1.8
poly brick	17.1525,17.2775	12.735,12.985	1.7,1.8
poly brick	17.0275,17.1525	12.735,12.985	1.7,1.8
poly brick	16.9025,17.0275	12.735,12.985	1.7,1.8
poly brick	16.7775,16.9025	12.735,12.985	1.7,1.8
poly brick	16.6525,16.7775	12.735,12.985	1.7,1.8
poly brick	16.5275,16.6525	12.735,12.985	1.7,1.8
poly brick	16.4025,16.5275	12.735,12.985	1.7,1.8
poly brick	16.2775,16.4025	12.735,12.985	1.7,1.8
poly brick	16.1525,16.2775	12.735,12.985	1.7,1.8
poly brick	16.0275,16.1525	12.735,12.985	1.7,1.8
poly brick	15.7275,16.0275	12.9225,13.0475	1.7,1.8
poly brick	15.7275,16.0275	13.0475,13.1725	1.7,1.8
poly brick	15.7275,16.0775	12.4475,12.635	1.4,1.5
poly brick	15.7275,16.0775	12.385,12.51	1.3,1.4
poly brick	15.7275,16.0775	12.51,12.635	1.3,1.4
poly brick	15.7275,16.0275	12.635,12.835	1.3,1.4
poly brick	15.7275,16.0775	12.485,12.56	1.0,1.1
poly brick	15.7275,16.0775	12.56,12.635	1.0,1.1
poly brick	15.7275,16.0775	12.485,12.635	1.1,1.2
poly brick	15.7275,16.0775	12.485,12.635	0.9,1.0
poly brick	15.7275,16.0275	12.635,12.835	0.9,1.0
poly brick	15.7275,16.0275	12.635,12.835	1.1,1.2
poly brick	15.7275,16.0275	12.635,12.835	0.5,0.6
poly brick	15.7275,16.0275	12.635,12.835	0.7,0.8
poly brick	15.7275,16.0775	12.485,12.56	0.8,0.9
poly brick	15.7275,16.0775	12.56,12.635	0.8,0.9
poly brick	15.7275,16.0775	12.485,12.56	0.6,0.7
poly brick	15.7275,16.0775	12.56,12.635	0.6,0.7
poly brick	15.7275,16.0775	12.485,12.635	0.7,0.8
poly brick	15.7275,16.0775	12.485,12.635	0.5,0.6
poly brick	15.7275,16.0275	12.635,12.835	0.1,0.2
poly brick	15.7275,16.0275	12.835,12.96	0.1,0.2
poly brick	15.7275,16.0275	12.635,12.835	0.3,0.4
poly brick	16.0275,16.1775	12.635,12.985	0.1,0.2
poly brick	17.7775,17.9275	12.735,12.985	1.5,1.6
poly brick	17.7275,17.8525	12.735,12.985	1.6,1.7
poly brick	17.6025,17.7275	12.735,12.985	1.6,1.7
poly brick	17.4775,17.6025	12.735,12.985	1.6,1.7
poly brick	17.3525,17.4775	12.735,12.985	1.6,1.7
poly brick	17.2275,17.3525	12.735,12.985	1.6,1.7
poly brick	17.1025,17.2275	12.735,12.985	1.6,1.7
poly brick	16.9775,17.1025	12.735,12.985	1.6,1.7
poly brick	16.8525,16.9775	12.735,12.985	1.6,1.7
poly brick	16.7275,16.8525	12.735,12.985	1.6,1.7
poly brick	16.6025,16.7275	12.735,12.985	1.6,1.7
poly brick	16.4775,16.6025	12.735,12.985	1.6,1.7
poly brick	16.3525,16.4775	12.735,12.985	1.6,1.7
poly brick	16.2275,16.3525	12.735,12.985	1.6,1.7
poly brick	17.6525,17.7775	12.735,12.985	1.5,1.6
poly brick	17.5275,17.6525	12.735,12.985	1.5,1.6
poly brick	17.4025,17.5275	12.735,12.985	1.5,1.6
poly brick	17.2775,17.4025	12.735,12.985	1.5,1.6
poly brick	17.1525,17.2775	12.735,12.985	1.5,1.6
poly brick	17.0275,17.1525	12.735,12.985	1.5,1.6
poly brick	16.9025,17.0275	12.735,12.985	1.5,1.6
poly brick	16.7775,16.9025	12.735,12.985	1.5,1.6
poly brick	16.6525,16.7775	12.735,12.985	1.5,1.6
poly brick	16.5275,16.6525	12.735,12.985	1.5,1.6
poly brick	16.4025,16.5275	12.735,12.985	1.5,1.6
poly brick	16.2775,16.4025	12.735,12.985	1.5,1.6
poly brick	16.1525,16.2775	12.735,12.985	1.5,1.6
poly brick	16.0275,16.1525	12.735,12.985	1.5,1.6
poly brick	15.7275,16.0275	12.81,12.935	1.5,1.6
poly brick	15.7275,16.0275	12.935,13.06	1.5,1.6
poly brick	16.1025,16.2275	12.735,12.985	1.6,1.7
poly brick	15.9775,16.1025	12.735,12.985	1.6,1.7
poly brick	15.8525,15.9775	12.735,12.985	1.6,1.7
poly brick	15.7275,15.8525	12.735,12.985	1.6,1.7
poly brick	15.7275,16.0275	12.985,13.135	1.6,1.7
poly brick	15.7275,16.0275	13.135,13.26	1.6,1.7
poly brick	15.7275,16.0275	13.26,13.385	1.6,1.7
poly brick	15.7275,16.0275	13.385,13.51	1.6,1.7
poly brick	15.7275,16.0275	13.51,13.635	1.6,1.7
poly brick	15.7275,16.0275	13.635,13.76	1.6,1.7
poly brick	15.7275,16.0275	13.76,13.885	1.6,1.7
poly brick	15.7275,16.0275	13.885,14.01	1.6,1.7
poly brick	15.7275,16.0275	14.01,14.135	1.6,1.7
poly brick	15.7275,16.0275	14.135,14.26	1.6,1.7
poly brick	15.7275,16.0275	14.26,14.385	1.6,1.7
poly brick	15.7275,16.0275	14.385,14.51	1.6,1.7
poly brick	15.7275,16.0275	14.51,14.635	1.6,1.7
poly brick	15.7275,16.0275	13.06,13.185	1.5,1.6
poly brick	15.7275,16.0275	13.185,13.31	1.5,1.6
poly brick	15.7275,16.0275	13.31,13.435	1.5,1.6
poly brick	15.7275,16.0275	13.435,13.56	1.5,1.6
poly brick	15.7275,16.0275	13.56,13.685	1.5,1.6
poly brick	15.7275,16.0275	13.685,13.81	1.5,1.6
poly brick	15.7275,16.0275	13.81,13.935	1.5,1.6
poly brick	15.7275,16.0275	13.935,14.06	1.5,1.6
poly brick	15.7275,16.0275	14.06,14.185	1.5,1.6
poly brick	15.7275,16.0275	14.185,14.31	1.5,1.6
poly brick	15.7275,16.0275	14.31,14.435	1.5,1.6
poly brick	15.7275,16.0275	13.91,14.51	1.4,1.5
poly brick	15.7275,16.0275	13.785,13.91	1.4,1.5
poly brick	15.7275,16.0275	14.51,14.635	1.4,1.5
poly brick	15.7275,16.0275	13.66,13.785	0.2,0.3
poly brick	15.7275,16.0275	13.585,13.71	0.3,0.4
poly brick	15.7275,16.0275	13.66,13.785	0.0,0.1
poly brick	15.7275,16.0275	14.635,14.76	1.6,1.7
poly brick	15.7275,16.0275	14.76,14.885	1.6,1.7
poly brick	15.7275,16.0275	14.435,14.56	1.5,1.6
poly brick	15.7275,16.0275	14.56,14.685	1.5,1.6
poly brick	15.7275,16.0275	14.685,14.81	1.5,1.6
poly brick	15.7275,16.0275	14.81,14.935	1.5,1.6
poly brick	15.9775,16.1275	12.635,12.985	1.4,1.5
poly brick	16.1275,16.2525	12.635,12.985	1.4,1.5
poly brick	15.8525,15.9775	12.635,12.985	1.4,1.5
poly brick	15.7275,15.8525	12.635,12.985	1.4,1.5
poly brick	15.7275,16.0275	12.985,13.16	1.4,1.5
poly brick	15.7275,16.0275	13.16,13.285	1.4,1.5
poly brick	15.7275,16.0275	13.285,13.41	1.4,1.5
poly brick	15.7275,16.0275	13.41,13.535	1.4,1.5
poly brick	15.7275,16.0275	13.535,13.66	1.4,1.5
poly brick	15.7275,16.0275	13.66,13.785	1.4,1.5
poly brick	15.7275,16.0275	14.76,14.885	1.4,1.5
poly brick	15.7275,16.0275	14.635,14.76	1.4,1.5
poly brick	17.7525,17.8775	12.635,12.985	1.4,1.5
poly brick	17.6275,17.7525	12.635,12.985	1.4,1.5
poly brick	17.5025,17.6275	12.635,12.985	1.4,1.5
poly brick	17.3775,17.5025	12.635,12.985	1.4,1.5
poly brick	17.2525,17.3775	12.635,12.985	1.4,1.5
poly brick	17.1275,17.2525	12.635,12.985	1.4,1.5
poly brick	17.0025,17.1275	12.635,12.985	1.4,1.5
poly brick	16.8775,17.0025	12.635,12.985	1.4,1.5
poly brick	16.7525,16.8775	12.635,12.985	1.4,1.5
poly brick	16.6275,16.7525	12.635,12.985	1.4,1.5
poly brick	16.5025,16.6275	12.635,12.985	1.4,1.5
poly brick	16.3775,16.5025	12.635,12.985	1.4,1.5
poly brick	16.2525,16.3775	12.635,12.985	1.4,1.5
poly brick	15.9775,16.1275	12.635,12.985	1.2,1.3
poly brick	16.0275,16.1775	12.635,12.985	1.3,1.4
poly brick	16.1275,16.2525	12.635,12.985	1.2,1.3
poly brick	15.7275,16.0275	12.835,12.96	1.3,1.4
poly brick	15.7275,16.0275	12.96,13.085	1.3,1.4
poly brick	15.8525,15.9775	12.635,12.985	1.2,1.3
poly brick	15.7275,15.8525	12.635,12.985	1.2,1.3
poly brick	15.7275,16.0275	12.985,13.16	1.2,1.3
poly brick	15.7275,16.0275	13.085,13.21	1.3,1.4
poly brick	15.7275,16.0275	13.21,13.335	1.3,1.4
poly brick	15.7275,16.0275	13.335,13.46	1.3,1.4
poly brick	15.7275,16.0275	13.46,13.585	1.3,1.4
poly brick	15.7275,16.0275	13.585,13.71	1.3,1.4
poly brick	15.7275,16.0275	13.16,13.285	1.2,1.3
poly brick	15.7275,16.0275	13.285,13.41	1.2,1.3
poly brick	15.7275,16.0275	13.41,13.535	1.2,1.3
poly brick	15.7275,16.0275	13.535,13.66	1.2,1.3
poly brick	15.7275,16.0275	13.71,13.835	1.3,1.4
poly brick	15.7275,16.0275	13.835,13.96	1.3,1.4
poly brick	15.7275,16.0275	13.66,13.785	1.2,1.3
poly brick	15.7275,16.0275	13.785,13.96	1.2,1.3
poly brick	15.7275,16.0275	14.76,14.885	1.2,1.3
poly brick	15.7275,16.0275	14.635,14.76	1.2,1.3
poly brick	15.7275,16.0275	14.81,14.935	1.3,1.4
poly brick	15.7275,16.0275	14.685,14.81	1.3,1.4
poly brick	15.7275,16.0275	14.56,14.685	1.3,1.4
poly brick	15.7275,16.0275	14.46,14.635	1.2,1.3
poly brick	15.7275,16.0275	14.46,14.56	1.3,1.4
poly brick	17.8025,17.9275	12.635,12.985	1.3,1.4
poly brick	17.7525,17.8775	12.635,12.985	1.2,1.3
poly brick	17.6775,17.8025	12.635,12.985	1.3,1.4
poly brick	17.5525,17.6775	12.635,12.985	1.3,1.4
poly brick	17.4275,17.5525	12.635,12.985	1.3,1.4
poly brick	17.6275,17.7525	12.635,12.985	1.2,1.3
poly brick	17.5025,17.6275	12.635,12.985	1.2,1.3
poly brick	17.3775,17.5025	12.635,12.985	1.2,1.3
poly brick	17.3025,17.4275	12.635,12.985	1.3,1.4
poly brick	17.1775,17.3025	12.635,12.985	1.3,1.4
poly brick	17.0525,17.1775	12.635,12.985	1.3,1.4
poly brick	17.2525,17.3775	12.635,12.985	1.2,1.3
poly brick	17.1275,17.2525	12.635,12.985	1.2,1.3
poly brick	17.0025,17.1275	12.635,12.985	1.2,1.3
poly brick	16.9275,17.0525	12.635,12.985	1.3,1.4
poly brick	16.8025,16.9275	12.635,12.985	1.3,1.4
poly brick	16.6775,16.8025	12.635,12.985	1.3,1.4
poly brick	16.8775,17.0025	12.635,12.985	1.2,1.3
poly brick	16.7525,16.8775	12.635,12.985	1.2,1.3
poly brick	16.6275,16.7525	12.635,12.985	1.2,1.3
poly brick	16.5525,16.6775	12.635,12.985	1.3,1.4
poly brick	16.4275,16.5525	12.635,12.985	1.3,1.4
poly brick	16.3025,16.4275	12.635,12.985	1.3,1.4
poly brick	16.1775,16.3025	12.635,12.985	1.3,1.4
poly brick	16.5025,16.6275	12.635,12.985	1.2,1.3
poly brick	16.3775,16.5025	12.635,12.985	1.2,1.3
poly brick	16.2525,16.3775	12.635,12.985	1.2,1.3
poly brick	15.9775,16.1275	12.635,12.985	1.0,1.1
poly brick	16.0275,16.1775	12.635,12.985	1.1,1.2
poly brick	16.1275,16.2525	12.635,12.985	1.0,1.1
poly brick	15.7275,16.0275	12.835,12.96	1.1,1.2
poly brick	15.7275,16.0275	12.96,13.085	1.1,1.2
poly brick	15.8525,15.9775	12.635,12.985	1.0,1.1
poly brick	15.7275,15.8525	12.635,12.985	1.0,1.1
poly brick	15.7275,16.0275	12.985,13.16	1.0,1.1
poly brick	15.7275,16.0275	13.085,13.21	1.1,1.2
poly brick	15.7275,16.0275	13.21,13.335	1.1,1.2
poly brick	15.7275,16.0275	13.335,13.46	1.1,1.2
poly brick	15.7275,16.0275	13.46,13.585	1.1,1.2
poly brick	15.7275,16.0275	13.585,13.71	1.1,1.2
poly brick	15.7275,16.0275	13.16,13.285	1.0,1.1
poly brick	15.7275,16.0275	13.285,13.41	1.0,1.1
poly brick	15.7275,16.0275	13.41,13.535	1.0,1.1
poly brick	15.7275,16.0275	13.535,13.66	1.0,1.1
poly brick	15.7275,16.0275	13.71,13.835	1.1,1.2
poly brick	15.7275,16.0275	13.835,13.96	1.1,1.2
poly brick	15.7275,16.0275	13.66,13.785	1.0,1.1
poly brick	15.7275,16.0275	13.785,13.96	1.0,1.1
poly brick	15.7275,16.0275	14.885,15.01	1.0,1.1
poly brick	15.7275,16.0275	14.76,14.885	1.0,1.1
poly brick	15.7275,16.0275	14.635,14.76	1.0,1.1
poly brick	15.7275,16.0275	14.81,14.935	1.1,1.2
poly brick	15.7275,16.0275	14.685,14.81	1.1,1.2
poly brick	15.7275,16.0275	14.56,14.685	1.1,1.2
poly brick	15.7275,16.0275	14.46,14.635	1.0,1.1
poly brick	15.7275,16.0275	14.46,14.56	1.1,1.2
poly brick	17.8025,17.9275	12.635,12.985	1.1,1.2
poly brick	17.7525,17.8775	12.635,12.985	1.0,1.1
poly brick	17.6775,17.8025	12.635,12.985	1.1,1.2
poly brick	17.5525,17.6775	12.635,12.985	1.1,1.2
poly brick	17.4275,17.5525	12.635,12.985	1.1,1.2
poly brick	17.6275,17.7525	12.635,12.985	1.0,1.1
poly brick	17.5025,17.6275	12.635,12.985	1.0,1.1
poly brick	17.3775,17.5025	12.635,12.985	1.0,1.1
poly brick	17.3025,17.4275	12.635,12.985	1.1,1.2
poly brick	17.1775,17.3025	12.635,12.985	1.1,1.2
poly brick	17.0525,17.1775	12.635,12.985	1.1,1.2
poly brick	17.2525,17.3775	12.635,12.985	1.0,1.1
poly brick	17.1275,17.2525	12.635,12.985	1.0,1.1
poly brick	17.0025,17.1275	12.635,12.985	1.0,1.1
poly brick	16.9275,17.0525	12.635,12.985	1.1,1.2
poly brick	16.8025,16.9275	12.635,12.985	1.1,1.2
poly brick	16.6775,16.8025	12.635,12.985	1.1,1.2
poly brick	16.8775,17.0025	12.635,12.985	1.0,1.1
poly brick	16.7525,16.8775	12.635,12.985	1.0,1.1
poly brick	16.6275,16.7525	12.635,12.985	1.0,1.1
poly brick	16.5525,16.6775	12.635,12.985	1.1,1.2
poly brick	16.4275,16.5525	12.635,12.985	1.1,1.2
poly brick	16.3025,16.4275	12.635,12.985	1.1,1.2
poly brick	16.1775,16.3025	12.635,12.985	1.1,1.2
poly brick	16.5025,16.6275	12.635,12.985	1.0,1.1
poly brick	16.3775,16.5025	12.635,12.985	1.0,1.1
poly brick	16.2525,16.3775	12.635,12.985	1.0,1.1
poly brick	15.9775,16.1275	12.635,12.985	0.8,0.9
poly brick	16.0275,16.1775	12.635,12.985	0.9,1.0
poly brick	16.1275,16.2525	12.635,12.985	0.8,0.9
poly brick	15.7275,16.0275	12.835,12.96	0.9,1.0
poly brick	15.7275,16.0275	12.96,13.085	0.9,1.0
poly brick	15.8525,15.9775	12.635,12.985	0.8,0.9
poly brick	15.7275,15.8525	12.635,12.985	0.8,0.9
poly brick	15.7275,16.0275	12.985,13.16	0.8,0.9
poly brick	15.7275,16.0275	13.085,13.21	0.9,1.0
poly brick	15.7275,16.0275	13.21,13.335	0.9,1.0
poly brick	15.7275,16.0275	13.335,13.46	0.9,1.0
poly brick	15.7275,16.0275	13.46,13.585	0.9,1.0
poly brick	15.7275,16.0275	13.585,13.71	0.9,1.0
poly brick	15.7275,16.0275	13.16,13.285	0.8,0.9
poly brick	15.7275,16.0275	13.285,13.41	0.8,0.9
poly brick	15.7275,16.0275	13.41,13.535	0.8,0.9
poly brick	15.7275,16.0275	13.535,13.66	0.8,0.9
poly brick	15.7275,16.0275	13.71,13.835	0.9,1.0
poly brick	15.7275,16.0275	13.835,13.96	0.9,1.0
poly brick	15.7275,16.0275	13.66,13.785	0.8,0.9
poly brick	15.7275,16.0275	13.785,13.96	0.8,0.9
poly brick	15.7275,16.0275	14.885,15.01	0.8,0.9
poly brick	15.7275,16.0275	14.76,14.885	0.8,0.9
poly brick	15.7275,16.0275	14.635,14.76	0.8,0.9
poly brick	15.7275,16.0275	14.81,14.935	0.9,1.0
poly brick	15.7275,16.0275	14.685,14.81	0.9,1.0
poly brick	15.7275,16.0275	14.56,14.685	0.9,1.0
poly brick	15.7275,16.0275	14.46,14.635	0.8,0.9
poly brick	15.7275,16.0275	14.46,14.56	0.9,1.0
poly brick	17.8025,17.9275	12.635,12.985	0.9,1.0
poly brick	17.7525,17.8775	12.635,12.985	0.8,0.9
poly brick	17.6775,17.8025	12.635,12.985	0.9,1.0
poly brick	17.5525,17.6775	12.635,12.985	0.9,1.0
poly brick	17.4275,17.5525	12.635,12.985	0.9,1.0
poly brick	17.6275,17.7525	12.635,12.985	0.8,0.9
poly brick	17.5025,17.6275	12.635,12.985	0.8,0.9
poly brick	17.3775,17.5025	12.635,12.985	0.8,0.9
poly brick	17.3025,17.4275	12.635,12.985	0.9,1.0
poly brick	17.1775,17.3025	12.635,12.985	0.9,1.0
poly brick	17.0525,17.1775	12.635,12.985	0.9,1.0
poly brick	17.2525,17.3775	12.635,12.985	0.8,0.9
poly brick	17.1275,17.2525	12.635,12.985	0.8,0.9
poly brick	17.0025,17.1275	12.635,12.985	0.8,0.9
poly brick	16.9275,17.0525	12.635,12.985	0.9,1.0
poly brick	16.8025,16.9275	12.635,12.985	0.9,1.0
poly brick	16.6775,16.8025	12.635,12.985	0.9,1.0
poly brick	16.8775,17.0025	12.635,12.985	0.8,0.9
poly brick	16.7525,16.8775	12.635,12.985	0.8,0.9
poly brick	16.6275,16.7525	12.635,12.985	0.8,0.9
poly brick	16.5525,16.6775	12.635,12.985	0.9,1.0
poly brick	16.4275,16.5525	12.635,12.985	0.9,1.0
poly brick	16.3025,16.4275	12.635,12.985	0.9,1.0
poly brick	16.1775,16.3025	12.635,12.985	0.9,1.0
poly brick	16.5025,16.6275	12.635,12.985	0.8,0.9
poly brick	16.3775,16.5025	12.635,12.985	0.8,0.9
poly brick	16.2525,16.3775	12.635,12.985	0.8,0.9
poly brick	15.9775,16.1275	12.635,12.985	0.6,0.7
poly brick	16.0275,16.1775	12.635,12.985	0.7,0.8
poly brick	16.1275,16.2525	12.635,12.985	0.6,0.7
poly brick	15.7275,16.0275	12.835,12.96	0.7,0.8
poly brick	15.7275,16.0275	12.96,13.085	0.7,0.8
poly brick	15.8525,15.9775	12.635,12.985	0.6,0.7
poly brick	15.7275,15.8525	12.635,12.985	0.6,0.7
poly brick	15.7275,16.0275	12.985,13.16	0.6,0.7
poly brick	15.7275,16.0275	13.085,13.21	0.7,0.8
poly brick	15.7275,16.0275	13.21,13.335	0.7,0.8
poly brick	15.7275,16.0275	13.335,13.46	0.7,0.8
poly brick	15.7275,16.0275	13.46,13.585	0.7,0.8
poly brick	15.7275,16.0275	13.585,13.71	0.7,0.8
poly brick	15.7275,16.0275	13.16,13.285	0.6,0.7
poly brick	15.7275,16.0275	13.285,13.41	0.6,0.7
poly brick	15.7275,16.0275	13.41,13.535	0.6,0.7
poly brick	15.7275,16.0275	13.535,13.66	0.6,0.7
poly brick	15.7275,16.0275	13.71,13.835	0.7,0.8
poly brick	15.7275,16.0275	13.835,13.96	0.7,0.8
poly brick	15.7275,16.0275	13.66,13.785	0.6,0.7
poly brick	15.7275,16.0275	13.785,13.96	0.6,0.7
poly brick	15.7275,16.0275	14.885,15.01	0.6,0.7
poly brick	15.7275,16.0275	14.76,14.885	0.6,0.7
poly brick	15.7275,16.0275	14.635,14.76	0.6,0.7
poly brick	15.7275,16.0275	14.81,14.935	0.7,0.8
poly brick	15.7275,16.0275	14.685,14.81	0.7,0.8
poly brick	15.7275,16.0275	14.56,14.685	0.7,0.8
poly brick	15.7275,16.0275	14.46,14.635	0.6,0.7
poly brick	15.7275,16.0275	14.46,14.56	0.7,0.8
poly brick	17.8025,17.9275	12.635,12.985	0.7,0.8
poly brick	17.7525,17.8775	12.635,12.985	0.6,0.7
poly brick	17.6775,17.8025	12.635,12.985	0.7,0.8
poly brick	17.5525,17.6775	12.635,12.985	0.7,0.8
poly brick	17.4275,17.5525	12.635,12.985	0.7,0.8
poly brick	17.6275,17.7525	12.635,12.985	0.6,0.7
poly brick	17.5025,17.6275	12.635,12.985	0.6,0.7
poly brick	17.3775,17.5025	12.635,12.985	0.6,0.7
poly brick	17.3025,17.4275	12.635,12.985	0.7,0.8
poly brick	17.1775,17.3025	12.635,12.985	0.7,0.8
poly brick	17.0525,17.1775	12.635,12.985	0.7,0.8
poly brick	17.2525,17.3775	12.635,12.985	0.6,0.7
poly brick	17.1275,17.2525	12.635,12.985	0.6,0.7
poly brick	17.0025,17.1275	12.635,12.985	0.6,0.7
poly brick	16.9275,17.0525	12.635,12.985	0.7,0.8
poly brick	16.8025,16.9275	12.635,12.985	0.7,0.8
poly brick	16.6775,16.8025	12.635,12.985	0.7,0.8
poly brick	16.8775,17.0025	12.635,12.985	0.6,0.7
poly brick	16.7525,16.8775	12.635,12.985	0.6,0.7
poly brick	16.6275,16.7525	12.635,12.985	0.6,0.7
poly brick	16.5525,16.6775	12.635,12.985	0.7,0.8
poly brick	16.4275,16.5525	12.635,12.985	0.7,0.8
poly brick	16.3025,16.4275	12.635,12.985	0.7,0.8
poly brick	16.1775,16.3025	12.635,12.985	0.7,0.8
poly brick	16.5025,16.6275	12.635,12.985	0.6,0.7
poly brick	16.3775,16.5025	12.635,12.985	0.6,0.7
poly brick	16.2525,16.3775	12.635,12.985	0.6,0.7
poly brick	15.9775,16.1275	12.635,12.985	0.4,0.5
poly brick	16.0275,16.1775	12.635,12.985	0.5,0.6
poly brick	16.1275,16.2525	12.635,12.985	0.4,0.5
poly brick	15.7275,16.0275	12.835,12.96	0.5,0.6
poly brick	15.7275,16.0275	12.96,13.085	0.5,0.6
poly brick	15.8525,15.9775	12.635,12.985	0.4,0.5
poly brick	15.7275,15.8525	12.635,12.985	0.4,0.5
poly brick	15.7275,16.0275	12.985,13.16	0.4,0.5
poly brick	15.7275,16.0275	13.085,13.21	0.5,0.6
poly brick	15.7275,16.0275	13.21,13.335	0.5,0.6
poly brick	15.7275,16.0275	13.335,13.46	0.5,0.6
poly brick	15.7275,16.0275	13.46,13.585	0.5,0.6
poly brick	15.7275,16.0275	13.585,13.71	0.5,0.6
poly brick	15.7275,16.0275	13.16,13.285	0.4,0.5
poly brick	15.7275,16.0275	13.285,13.41	0.4,0.5
poly brick	15.7275,16.0275	13.41,13.535	0.4,0.5
poly brick	15.7275,16.0275	13.535,13.66	0.4,0.5
poly brick	15.7275,16.0275	13.71,13.835	0.5,0.6
poly brick	15.7275,16.0275	13.835,13.96	0.5,0.6
poly brick	15.7275,16.0275	13.66,13.785	0.4,0.5
poly brick	15.7275,16.0275	14.885,15.01	0.4,0.5
poly brick	15.7275,16.0275	14.76,14.885	0.4,0.5
poly brick	15.7275,16.0275	14.935,15.06	0.5,0.6
poly brick	15.7275,16.0275	14.81,14.935	0.5,0.6
poly brick	15.7275,16.0275	14.685,14.81	0.5,0.6
poly brick	15.7275,16.0275	14.56,14.685	0.5,0.6
poly brick	15.7275,16.0275	14.46,14.56	0.5,0.6
poly brick	17.8025,17.9275	12.635,12.985	0.5,0.6
poly brick	17.7525,17.8775	12.635,12.985	0.4,0.5
poly brick	17.6775,17.8025	12.635,12.985	0.5,0.6
poly brick	17.5525,17.6775	12.635,12.985	0.5,0.6
poly brick	17.4275,17.5525	12.635,12.985	0.5,0.6
poly brick	17.6275,17.7525	12.635,12.985	0.4,0.5
poly brick	17.5025,17.6275	12.635,12.985	0.4,0.5
poly brick	17.3775,17.5025	12.635,12.985	0.4,0.5
poly brick	17.3025,17.4275	12.635,12.985	0.5,0.6
poly brick	17.1775,17.3025	12.635,12.985	0.5,0.6
poly brick	17.0525,17.1775	12.635,12.985	0.5,0.6
poly brick	17.2525,17.3775	12.635,12.985	0.4,0.5
poly brick	17.1275,17.2525	12.635,12.985	0.4,0.5
poly brick	17.0025,17.1275	12.635,12.985	0.4,0.5
poly brick	16.9275,17.0525	12.635,12.985	0.5,0.6
poly brick	16.8025,16.9275	12.635,12.985	0.5,0.6
poly brick	16.6775,16.8025	12.635,12.985	0.5,0.6
poly brick	16.8775,17.0025	12.635,12.985	0.4,0.5
poly brick	16.7525,16.8775	12.635,12.985	0.4,0.5
poly brick	16.6275,16.7525	12.635,12.985	0.4,0.5
poly brick	16.5525,16.6775	12.635,12.985	0.5,0.6
poly brick	16.4275,16.5525	12.635,12.985	0.5,0.6
poly brick	16.3025,16.4275	12.635,12.985	0.5,0.6
poly brick	16.1775,16.3025	12.635,12.985	0.5,0.6
poly brick	16.5025,16.6275	12.635,12.985	0.4,0.5
poly brick	16.3775,16.5025	12.635,12.985	0.4,0.5
poly brick	16.2525,16.3775	12.635,12.985	0.4,0.5
poly brick	15.9775,16.1275	12.635,12.985	0.2,0.3
poly brick	16.0275,16.1775	12.635,12.985	0.3,0.4
poly brick	16.1275,16.2525	12.635,12.985	0.2,0.3
poly brick	15.7275,16.0275	12.835,12.96	0.3,0.4
poly brick	15.7275,16.0275	12.96,13.085	0.3,0.4
poly brick	15.8525,15.9775	12.635,12.985	0.2,0.3
poly brick	15.7275,15.8525	12.635,12.985	0.2,0.3
poly brick	15.7275,16.0275	12.985,13.16	0.2,0.3
poly brick	15.7275,16.0275	13.085,13.21	0.3,0.4
poly brick	15.7275,16.0275	13.21,13.335	0.3,0.4
poly brick	15.7275,16.0275	13.335,13.46	0.3,0.4
poly brick	15.7275,16.0275	13.46,13.585	0.3,0.4
poly brick	15.7275,16.0275	13.16,13.285	0.2,0.3
poly brick	15.7275,16.0275	13.285,13.41	0.2,0.3
poly brick	15.7275,16.0275	13.41,13.535	0.2,0.3
poly brick	15.7275,16.0275	13.535,13.66	0.2,0.3
poly brick	15.7275,16.0275	14.885,15.01	0.2,0.3
poly brick	15.7275,16.0275	14.76,14.885	0.2,0.3
poly brick	15.7275,16.0275	14.935,15.06	0.3,0.4
poly brick	15.7275,16.0275	14.81,14.935	0.3,0.4
poly brick	15.7275,16.0275	14.685,14.81	0.3,0.4
poly brick	17.8025,17.9275	12.635,12.985	0.3,0.4
poly brick	17.7525,17.8775	12.635,12.985	0.2,0.3
poly brick	17.6775,17.8025	12.635,12.985	0.3,0.4
poly brick	17.5525,17.6775	12.635,12.985	0.3,0.4
poly brick	17.4275,17.5525	12.635,12.985	0.3,0.4
poly brick	17.6275,17.7525	12.635,12.985	0.2,0.3
poly brick	17.5025,17.6275	12.635,12.985	0.2,0.3
poly brick	17.3775,17.5025	12.635,12.985	0.2,0.3
poly brick	17.3025,17.4275	12.635,12.985	0.3,0.4
poly brick	17.1775,17.3025	12.635,12.985	0.3,0.4
poly brick	17.0525,17.1775	12.635,12.985	0.3,0.4
poly brick	17.2525,17.3775	12.635,12.985	0.2,0.3
poly brick	17.1275,17.2525	12.635,12.985	0.2,0.3
poly brick	17.0025,17.1275	12.635,12.985	0.2,0.3
poly brick	16.9275,17.0525	12.635,12.985	0.3,0.4
poly brick	16.8025,16.9275	12.635,12.985	0.3,0.4
poly brick	16.6775,16.8025	12.635,12.985	0.3,0.4
poly brick	16.8775,17.0025	12.635,12.985	0.2,0.3
poly brick	16.7525,16.8775	12.635,12.985	0.2,0.3
poly brick	16.6275,16.7525	12.635,12.985	0.2,0.3
poly brick	16.5525,16.6775	12.635,12.985	0.3,0.4
poly brick	16.4275,16.5525	12.635,12.985	0.3,0.4
poly brick	16.3025,16.4275	12.635,12.985	0.3,0.4
poly brick	16.1775,16.3025	12.635,12.985	0.3,0.4
poly brick	16.5025,16.6275	12.635,12.985	0.2,0.3
poly brick	16.3775,16.5025	12.635,12.985	0.2,0.3
poly brick	16.2525,16.3775	12.635,12.985	0.2,0.3
poly brick	15.9775,16.1275	12.635,12.985	0.0,0.1
poly brick	16.1275,16.2525	12.635,12.985	0.0,0.1
poly brick	15.7275,16.0275	12.96,13.085	0.1,0.2
poly brick	15.8525,15.9775	12.635,12.985	0.0,0.1
poly brick	15.7275,15.8525	12.635,12.985	0.0,0.1
poly brick	15.7275,16.0275	12.985,13.16	0.0,0.1
poly brick	15.7275,16.0275	13.085,13.21	0.1,0.2
poly brick	15.7275,16.0275	13.21,13.335	0.1,0.2
poly brick	15.7275,16.0275	13.335,13.46	0.1,0.2
poly brick	15.7275,16.0275	13.46,13.585	0.1,0.2
poly brick	15.7275,16.0275	13.585,13.71	0.1,0.2
poly brick	15.7275,16.0275	13.16,13.285	0.0,0.1
poly brick	15.7275,16.0275	13.285,13.41	0.0,0.1
poly brick	15.7275,16.0275	13.41,13.535	0.0,0.1
poly brick	15.7275,16.0275	13.535,13.66	0.0,0.1
poly brick	15.7275,16.0275	14.885,15.01	0.0,0.1
poly brick	15.7275,16.0275	14.76,14.885	0.0,0.1
poly brick	15.7275,16.0275	14.635,14.76	0.0,0.1
poly brick	15.7275,16.0275	14.935,15.06	0.1,0.2
poly brick	15.7275,16.0275	14.81,14.935	0.1,0.2
poly brick	15.7275,16.0275	14.685,14.81	0.1,0.2
poly brick	17.8025,17.9275	12.635,12.985	0.1,0.2
poly brick	17.7525,17.8775	12.635,12.985	0.0,0.1
poly brick	17.6775,17.8025	12.635,12.985	0.1,0.2
poly brick	17.5525,17.6775	12.635,12.985	0.1,0.2
poly brick	17.4275,17.5525	12.635,12.985	0.1,0.2
poly brick	17.6275,17.7525	12.635,12.985	0.0,0.1
poly brick	17.5025,17.6275	12.635,12.985	0.0,0.1
poly brick	17.3775,17.5025	12.635,12.985	0.0,0.1
poly brick	17.3025,17.4275	12.635,12.985	0.1,0.2
poly brick	17.1775,17.3025	12.635,12.985	0.1,0.2
poly brick	17.0525,17.1775	12.635,12.985	0.1,0.2
poly brick	17.2525,17.3775	12.635,12.985	0.0,0.1
poly brick	17.1275,17.2525	12.635,12.985	0.0,0.1
poly brick	17.0025,17.1275	12.635,12.985	0.0,0.1
poly brick	16.9275,17.0525	12.635,12.985	0.1,0.2
poly brick	16.8025,16.9275	12.635,12.985	0.1,0.2
poly brick	16.6775,16.8025	12.635,12.985	0.1,0.2
poly brick	16.8775,17.0025	12.635,12.985	0.0,0.1
poly brick	16.7525,16.8775	12.635,12.985	0.0,0.1
poly brick	16.6275,16.7525	12.635,12.985	0.0,0.1
poly brick	16.5525,16.6775	12.635,12.985	0.1,0.2
poly brick	16.4275,16.5525	12.635,12.985	0.1,0.2
poly brick	16.3025,16.4275	12.635,12.985	0.1,0.2
poly brick	16.1775,16.3025	12.635,12.985	0.1,0.2
poly brick	16.5025,16.6275	12.635,12.985	0.0,0.1
poly brick	16.3775,16.5025	12.635,12.985	0.0,0.1
poly brick	16.2525,16.3775	12.635,12.985	0.0,0.1
poly brick	15.7275,16.0275	14.635,14.76	0.4,0.5
poly brick	15.7275,16.0275	14.46,14.635	0.4,0.5
poly brick	15.7275,16.0275	14.56,14.685	0.3,0.4
poly brick	15.7275,16.0275	14.46,14.56	0.3,0.4
poly brick	15.7275,16.0275	14.635,14.76	0.2,0.3
poly brick	15.7275,16.0275	14.46,14.635	0.2,0.3
poly brick	15.7275,16.0275	14.56,14.685	0.1,0.2
poly brick	15.7275,16.0275	14.46,14.56	0.1,0.2
poly brick	15.7275,16.0275	14.46,14.635	0.0,0.1
poly brick	15.7275,16.0275	13.785,13.96	0.4,0.5
poly brick	15.7275,16.0275	13.71,13.835	0.3,0.4
poly brick	15.7275,16.0275	13.835,13.96	0.3,0.4
poly brick	15.7275,16.0275	13.785,13.96	0.2,0.3
poly brick	15.7275,16.0275	13.71,13.835	0.1,0.2
poly brick	15.7275,16.0275	13.835,13.96	0.1,0.2
poly brick	15.7275,16.0275	13.785,13.96	0.0,0.1
poly brick	15.7275,15.8775	14.335,14.46	0.0,0.1
poly brick	15.7275,15.8775	14.21,14.335	0.0,0.1
poly brick	15.7275,15.8775	14.085,14.21	0.0,0.1
poly brick	15.7275,15.8775	13.96,14.085	0.0,0.1
poly brick	15.7275,15.8775	14.2725,14.3975	0.1,0.2
poly brick	15.7275,15.8775	14.1475,14.2725	0.1,0.2
poly brick	15.7275,15.8775	14.0225,14.1475	0.1,0.2
poly brick	15.7275,15.8775	14.3975,14.46	0.1,0.2
poly brick	15.7275,15.8775	13.96,14.0225	0.1,0.2
poly brick	15.7275,15.8775	14.335,14.46	0.2,0.3
poly brick	15.7275,15.8775	14.21,14.335	0.2,0.3
poly brick	15.7275,15.8775	14.085,14.21	0.2,0.3
poly brick	15.7275,15.8775	13.96,14.085	0.2,0.3
poly brick	15.7275,15.8775	14.2725,14.3975	0.3,0.4
poly brick	15.7275,15.8775	14.1475,14.2725	0.3,0.4
poly brick	15.7275,15.8775	14.0225,14.1475	0.3,0.4
poly brick	15.7275,15.8775	14.3975,14.46	0.3,0.4
poly brick	15.7275,15.8775	13.96,14.0225	0.3,0.4
poly brick	15.7275,15.8775	14.335,14.46	0.4,0.5
poly brick	15.7275,15.8775	14.21,14.335	0.4,0.5
poly brick	15.7275,15.8775	14.085,14.21	0.4,0.5
poly brick	15.7275,15.8775	13.96,14.085	0.4,0.5
poly brick	15.7275,16.0775	12.485,12.56	0.4,0.5
poly brick	15.7275,16.0775	12.485,12.635	0.3,0.4
poly brick	15.7275,16.0775	12.485,12.56	0.2,0.3
poly brick	15.7275,16.0775	12.56,12.635	0.2,0.3
poly brick	15.7275,16.0775	12.485,12.635	0.1,0.2
poly brick	15.7275,16.0775	12.485,12.56	0.0,0.1
poly brick	15.7275,16.0775	12.56,12.635	0.0,0.1
poly brick	15.7275,15.8775	12.4225,12.485	0.3,0.4
poly brick	15.7275,16.0775	12.56,12.635	0.4,0.5
poly brick	15.7275,16.0275	12.9225,12.985	2.1,2.2
poly brick	15.7275,15.8775	12.985,13.185	2.1,2.2
poly brick	15.7275,15.8775	14.685,14.81	2.1,2.2
poly brick	15.7275,15.8775	14.31,14.435	2.1,2.2
poly brick	15.7275,15.8775	14.56,14.685	2.1,2.2
poly brick	15.7275,15.8775	14.435,14.56	2.1,2.2
poly brick	15.7275,15.8775	14.185,14.31	2.1,2.2
poly brick	15.7275,15.8775	14.06,14.185	2.1,2.2
poly brick	15.7275,15.8775	13.935,14.06	2.1,2.2
poly brick	15.7275,15.8775	13.81,13.935	2.1,2.2
poly brick	15.7275,15.8775	13.685,13.81	2.1,2.2
poly brick	15.7275,15.8775	13.56,13.685	2.1,2.2
poly brick	15.7275,15.8775	13.435,13.56	2.1,2.2
poly brick	15.7275,15.8775	13.31,13.435	2.1,2.2
poly brick	15.7275,15.8775	13.185,13.31	2.1,2.2
poly brick	15.7275,15.8775	12.985,13.11	2.0,2.1
poly brick	15.7288,15.8775	13.11,13.2612	2.0,2.1
poly brick	15.8775,16.0275	13.085,13.26	2.0,2.1
poly brick	15.8775,18.0775	12.985,13.085	2.0,2.15
poly brick	15.8775,16.0275	13.6975,13.8225	2.1,2.15
poly brick	15.8775,16.0275	14.1975,14.3225	2.1,2.15
poly brick	15.8775,16.0275	14.6975,14.8225	2.1,2.15
poly brick	15.8775,18.0775	13.485,13.585	2.0,2.15
poly brick	15.8775,18.0775	13.985,14.085	2.0,2.15
poly brick	15.8775,18.0775	14.485,14.585	2.0,2.15
poly brick	15.7275,15.8775	13.385,13.635	2.0,2.1
poly brick	15.7275,15.8775	13.885,14.135	2.0,2.1
poly brick	15.7275,15.8775	14.385,14.635	2.0,2.1
poly brick	15.8775,16.0275	14.585,14.635	2.0,2.1
poly brick	15.8775,16.0275	14.385,14.485	2.0,2.1
poly brick	15.8775,16.0275	14.085,14.135	2.0,2.1
poly brick	15.8775,16.0275	13.885,13.985	2.0,2.1
poly brick	15.8775,16.0275	14.585,14.6975	2.1,2.15
poly brick	15.8775,16.0275	14.3225,14.485	2.1,2.15
poly brick	15.8775,16.0275	14.085,14.1975	2.1,2.15
poly brick	15.8775,16.0275	13.8225,13.985	2.1,2.15
poly brick	15.8775,16.0275	13.585,13.635	2.0,2.1
poly brick	15.8775,16.0275	13.585,13.6975	2.1,2.15
poly brick	15.8775,16.0275	13.385,13.485	2.0,2.1
poly brick	15.8775,16.0275	13.1975,13.3225	2.1,2.15
poly brick	15.8775,16.0275	13.3225,13.485	2.1,2.15
poly brick	15.8775,16.0275	13.085,13.1975	2.1,2.15
poly brick	15.7275,15.8775	12.36,12.485	2.0,2.05
poly brick	15.7275,15.8775	12.2975,12.4225	1.9,2.0
poly brick	15.7275,15.8775	12.4225,12.485	1.9,2.0
poly brick	15.7275,15.8775	12.36,12.485	1.8,1.9
poly brick	15.7275,15.8775	12.4225,12.485	1.7,1.8
poly brick	15.7275,15.8775	12.36,12.485	1.6,1.7
poly brick	15.7275,15.8775	12.4225,12.485	1.5,1.6
poly brick	15.7275,15.9775	12.485,12.5799	2.0,2.05
poly brick	15.7275,15.9775	12.485,12.735	1.9,2.0
poly brick	15.7275,15.9775	12.485,12.5725	1.8,1.9
poly brick	15.7275,15.9775	12.485,12.735	1.7,1.8
poly brick	15.7275,15.9775	12.485,12.5725	1.6,1.7
poly brick	15.7275,15.9775	12.485,12.735	1.5,1.6
poly brick	15.9775,16.1025	12.885,12.985	3.05,3.15
poly brick	16.1025,16.2275	12.885,12.985	3.05,3.15
poly brick	16.2275,16.3525	12.885,12.985	3.05,3.15
poly brick	16.3525,16.4775	12.885,12.985	3.05,3.15
poly brick	16.4775,16.6025	12.885,12.985	3.05,3.15
poly brick	16.6025,16.7275	12.885,12.985	3.05,3.15
poly brick	16.7275,16.8525	12.885,12.985	3.05,3.15
poly brick	16.8525,16.9775	12.885,12.985	3.05,3.15
poly brick	16.9775,17.1025	12.885,12.985	3.05,3.15
poly brick	17.1025,17.2275	12.885,12.985	3.05,3.15
poly brick	17.2275,17.3525	12.885,12.985	3.05,3.15
poly brick	17.3525,17.4775	12.885,12.985	3.05,3.15
poly brick	17.4775,17.6025	12.885,12.985	3.05,3.15
poly brick	17.6025,17.7275	12.885,12.985	3.05,3.15
poly brick	17.7275,17.8525	12.885,12.985	3.05,3.15
poly brick	15.8525,15.9775	12.885,12.985	3.05,3.15
poly brick	15.7275,15.8525	12.885,12.985	3.05,3.15
poly brick	15.7275,15.9775	12.61,12.735	2.95,3.05
poly brick	15.7275,15.9775	12.235,12.36	2.95,3.05
poly brick	15.7275,15.9775	12.36,12.485	2.95,3.05
poly brick	15.7275,15.9775	12.485,12.61	2.95,3.05
poly brick	15.7275,15.9775	12.735,12.885	2.95,3.05
poly brick	15.7275,15.9775	12.885,12.985	2.95,3.05
poly brick	15.9775,16.165	12.885,12.985	2.95,3.05
poly brick	16.0775,16.165	12.735,12.885	2.95,3.05
poly brick	16.29,16.4525	12.885,12.985	2.95,3.05
poly brick	16.4525,16.665	12.885,12.985	2.95,3.05
poly brick	16.79,16.9275	12.885,12.985	2.95,3.05
poly brick	16.9275,17.165	12.885,12.985	2.95,3.05
poly brick	17.415,17.54	12.885,12.985	2.95,3.05
poly brick	17.29,17.415	12.885,12.985	2.95,3.05
poly brick	17.79,17.9275	12.885,12.985	2.95,3.05
poly brick	16.29,16.4525	12.735,12.885	2.95,3.05
poly brick	16.5525,16.665	12.735,12.885	2.95,3.05
poly brick	16.79,16.9275	12.735,12.885	2.95,3.05
poly brick	17.0275,17.165	12.735,12.885	2.95,3.05
poly brick	17.29,17.4025	12.735,12.885	2.95,3.05
poly brick	17.54,17.665	12.885,12.985	2.95,3.05
poly brick	17.5025,17.665	12.735,12.885	2.95,3.05
poly brick	17.79,17.8775	12.735,12.885	2.95,3.05
poly brick	15.7275,15.9775	12.31,12.435	3.05,3.15
poly brick	15.7275,15.9775	12.435,12.56	3.05,3.15
poly brick	15.7275,15.9775	12.56,12.685	3.05,3.15
poly brick	15.7275,15.9775	12.685,12.81	3.05,3.15
poly brick	15.7275,15.9775	12.81,12.885	3.05,3.15
plot create plot Blocks
plot block